30
0 33 9 77 94 61 94 57 75 43 23 46 70 46 40 26 62 41 68 4 4 83 16 2 2 82 75 8 48 71 
33 0 33 35 100 1 66 0 87 72 58 2 15 50 100 55 24 75 42 85 55 28 18 44 29 53 98 97 94 56 
9 33 0 97 77 24 57 9 41 21 97 90 42 31 5 68 53 20 9 61 48 1 69 81 63 30 42 90 71 100 
77 35 97 0 66 47 81 81 29 81 72 17 51 83 68 25 93 65 44 81 1 92 3 64 42 96 56 33 17 65 
94 100 77 66 0 74 33 76 36 41 3 60 45 13 46 85 10 27 13 86 61 45 24 39 2 84 26 15 12 93 
61 1 24 47 74 0 25 26 31 58 70 75 30 78 54 1 71 28 60 97 49 55 10 82 45 76 63 93 96 72 
94 66 57 81 33 25 0 69 64 79 53 8 30 86 53 1 14 44 20 72 91 71 41 48 66 61 4 27 78 15 
57 0 9 81 76 26 69 0 35 66 28 11 72 69 48 7 22 94 56 48 76 70 21 84 93 48 53 72 28 86 
75 87 41 29 36 31 64 35 0 42 0 94 12 47 54 17 84 25 72 85 31 81 76 11 59 45 16 36 97 94 
43 72 21 81 41 58 79 66 42 0 75 27 38 73 68 19 36 52 79 42 42 83 73 71 71 3 63 51 58 20 
23 58 97 72 3 70 53 28 0 75 0 15 30 33 17 79 49 1 65 60 40 75 56 96 6 82 88 94 14 9 
46 2 90 17 60 75 8 11 94 27 15 0 55 57 70 52 83 43 90 69 27 1 95 20 85 79 91 7 5 72 
70 15 42 51 45 30 30 72 12 38 30 55 0 46 82 86 75 97 75 79 59 52 47 30 55 50 23 95 92 11 
46 50 31 83 13 78 86 69 47 73 33 57 46 0 10 66 68 39 51 34 24 22 60 56 74 66 93 48 100 30 
40 100 5 68 46 54 53 48 54 68 17 70 82 10 0 34 89 35 95 23 48 49 100 1 21 61 76 76 40 58 
26 55 68 25 85 1 1 7 17 19 79 52 86 66 34 0 39 70 31 90 40 71 5 27 40 36 12 2 62 85 
62 24 53 93 10 71 14 22 84 36 49 83 75 68 89 39 0 53 33 58 93 44 60 53 59 82 40 46 75 53 
41 75 20 65 27 28 44 94 25 52 1 43 97 39 35 70 53 0 8 58 33 83 97 1 95 14 91 48 49 31 
68 42 9 44 13 60 20 56 72 79 65 90 75 51 95 31 33 8 0 97 93 12 99 4 100 47 67 73 34 88 
4 85 61 81 86 97 72 48 85 42 60 69 79 34 23 90 58 58 97 0 34 85 99 94 69 7 64 28 29 63 
4 55 48 1 61 49 91 76 31 42 40 27 59 24 48 40 93 33 93 34 0 84 85 78 12 91 73 52 50 32 
83 28 1 92 45 55 71 70 81 83 75 1 52 22 49 71 44 83 12 85 84 0 59 82 19 86 50 43 17 79 
16 18 69 3 24 10 41 21 76 73 56 95 47 60 100 5 60 97 99 99 85 59 0 19 53 2 67 62 35 35 
2 44 81 64 39 82 48 84 11 71 96 20 30 56 1 27 53 1 4 94 78 82 19 0 16 2 56 19 31 34 
2 29 63 42 2 45 66 93 59 71 6 85 55 74 21 40 59 95 100 69 12 19 53 16 0 71 40 47 73 21 
82 53 30 96 84 76 61 48 45 3 82 79 50 66 61 36 82 14 47 7 91 86 2 2 71 0 0 90 2 27 
75 98 42 56 26 63 4 53 16 63 88 91 23 93 76 12 40 91 67 64 73 50 67 56 40 0 0 23 21 84 
8 97 90 33 15 93 27 72 36 51 94 7 95 48 76 2 46 48 73 28 52 43 62 19 47 90 23 0 52 39 
48 94 71 17 12 96 78 28 97 58 14 5 92 100 40 62 75 49 34 29 50 17 35 31 73 2 21 52 0 43 
71 56 100 65 93 72 15 86 94 20 9 72 11 30 58 85 53 31 88 63 32 79 35 34 21 27 84 39 43 0 
BRRBRRRBBRBRBRBRBRBRRBBBBBRBRR
