0 18 96 98 34 53 57 23 42 92 86 28 55 28 43 
18 0 23 0 91 83 50 85 96 86 63 81 44 88 23 
96 23 0 56 88 61 15 33 55 51 23 3 40 20 94 
98 0 56 0 17 58 6 77 7 95 64 91 87 16 1 
34 91 88 17 0 17 28 0 97 26 28 79 65 51 33 
53 83 61 58 17 0 14 78 39 28 9 15 63 35 74 
57 50 15 6 28 14 0 44 84 39 52 82 26 17 6 
23 85 33 77 0 78 44 0 34 2 53 56 31 26 74 
42 96 55 7 97 39 84 34 0 3 17 77 25 85 82 
92 86 51 95 26 28 39 2 3 0 54 69 24 89 70 
86 63 23 64 28 9 52 53 17 54 0 23 24 33 81 
28 81 3 91 79 15 82 56 77 69 23 0 17 2 60 
55 44 40 87 65 63 26 31 25 24 24 17 0 0 89 
28 88 20 16 51 35 17 26 85 89 33 2 0 0 21 
43 23 94 1 33 74 6 74 82 70 81 60 89 21 0 
BRBBRRBRBBBBBBR
