13
0 12 79 50 44 97 76 53 57 67 25 59 2 
12 0 33 24 99 6 15 52 93 47 29 80 44 
79 33 0 48 1 83 68 27 21 47 31 24 99 
50 24 48 0 98 74 10 37 79 20 84 3 98 
44 99 1 98 0 74 1 71 82 2 38 59 45 
97 6 83 74 74 0 100 10 38 75 15 87 100 
76 15 68 10 1 100 0 56 94 38 7 95 42 
53 52 27 37 71 10 56 0 17 76 74 90 94 
57 93 21 79 82 38 94 17 0 86 55 51 38 
67 47 47 20 2 75 38 76 86 0 18 83 5 
25 29 31 84 38 15 7 74 55 18 0 3 81 
59 80 24 3 59 87 95 90 51 83 3 0 80 
2 44 99 98 45 100 42 94 38 5 81 80 0 
BRBRBRRBRBBBR
