6
0 86 49 72 19 26 
86 0 39 7 91 58 
49 39 0 50 85 91 
72 7 50 0 50 51 
19 91 85 50 0 93 
26 58 91 51 93 0 
RBBBRR
