14
0 32 99 80 14 58 64 25 55 40 51 32 18 16 
32 0 88 15 63 85 71 53 44 31 3 19 81 8 
99 88 0 52 18 42 56 87 19 6 15 31 61 41 
80 15 52 0 99 1 84 17 88 42 82 7 51 44 
14 63 18 99 0 6 97 33 1 18 80 40 63 52 
58 85 42 1 6 0 32 75 55 15 63 22 90 98 
64 71 56 84 97 32 0 15 8 49 86 73 79 60 
25 53 87 17 33 75 15 0 17 71 84 51 70 91 
55 44 19 88 1 55 8 17 0 52 60 87 41 95 
40 31 6 42 18 15 49 71 52 0 39 51 44 31 
51 3 15 82 80 63 86 84 60 39 0 30 24 100 
32 19 31 7 40 22 73 51 87 51 30 0 24 41 
18 81 61 51 63 90 79 70 41 44 24 24 0 26 
16 8 41 44 52 98 60 91 95 31 100 41 26 0 
RRBRBBBBRRRBRB
