8
0 99 71 16 53 71 32 87 
99 0 10 11 5 41 94 68 
71 10 0 2 42 50 33 66 
16 11 2 0 67 8 2 82 
53 5 42 67 0 70 51 61 
71 41 50 8 70 0 21 89 
32 94 33 2 51 21 0 53 
87 68 66 82 61 89 53 0 
BBBRBRRR
