14
0 30 68 71 67 94 95 46 91 66 94 58 46 89 
30 0 65 36 80 40 95 76 67 59 78 97 46 37 
68 65 0 49 93 83 32 94 53 53 61 42 64 64 
71 36 49 0 72 39 93 99 33 67 63 58 44 64 
67 80 93 72 0 37 62 84 77 77 48 52 98 70 
94 40 83 39 37 0 49 35 81 36 75 98 42 66 
95 95 32 93 62 49 0 61 38 51 48 75 53 67 
46 76 94 99 84 35 61 0 53 52 95 87 90 31 
91 67 53 33 77 81 38 53 0 93 55 37 89 41 
66 59 53 67 77 36 51 52 93 0 87 85 82 49 
94 78 61 63 48 75 48 95 55 87 0 69 64 82 
58 97 42 58 52 98 75 87 37 85 69 0 93 60 
46 46 64 44 98 42 53 90 89 82 64 93 0 31 
89 37 64 64 70 66 67 31 41 49 82 60 31 0 
BRRBRRBBBRBRBR
