16
0 54 65 47 77 49 95 85 84 16 85 24 12 81 10 22 
54 0 81 96 49 39 23 60 56 20 34 85 67 21 80 46 
65 81 0 63 26 52 35 75 74 36 65 45 14 91 44 30 
47 96 63 0 74 97 23 65 40 40 63 3 64 41 14 96 
77 49 26 74 0 29 87 40 2 6 66 59 55 62 4 82 
49 39 52 97 29 0 73 35 15 7 96 21 46 40 44 100 
95 23 35 23 87 73 0 41 32 42 10 75 92 87 66 55 
85 60 75 65 40 35 41 0 11 10 83 54 22 72 41 7 
84 56 74 40 2 15 32 11 0 80 18 2 43 2 27 64 
16 20 36 40 6 7 42 10 80 0 84 53 22 11 12 42 
85 34 65 63 66 96 10 83 18 84 0 55 97 67 86 17 
24 85 45 3 59 21 75 54 2 53 55 0 80 43 79 23 
12 67 14 64 55 46 92 22 43 22 97 80 0 10 30 71 
81 21 91 41 62 40 87 72 2 11 67 43 10 0 51 96 
10 80 44 14 4 44 66 41 27 12 86 79 30 51 0 22 
22 46 30 96 82 100 55 7 64 42 17 23 71 96 22 0 
BBRRRRBRBRBBBRRB
