6
0 95 81 55 91 83 
95 0 57 5 36 20 
81 57 0 78 0 87 
55 5 78 0 61 99 
91 36 0 61 0 75 
83 20 87 99 75 0 
RBBRRB
