12
0 98 35 35 42 49 67 35 88 81 93 69 
98 0 75 60 34 56 97 57 50 97 75 65 
35 75 0 82 76 40 80 41 37 49 82 62 
35 60 82 0 90 75 96 75 75 31 63 70 
42 34 76 90 0 35 82 99 67 45 50 43 
49 56 40 75 35 0 95 67 87 42 50 33 
67 97 80 96 82 95 0 89 38 85 47 86 
35 57 41 75 99 67 89 0 86 35 78 76 
88 50 37 75 67 87 38 86 0 49 94 87 
81 97 49 31 45 42 85 35 49 0 33 84 
93 75 82 63 50 50 47 78 94 33 0 47 
69 65 62 70 43 33 86 76 87 84 47 0 
RRRBRBBRBRBB
