14
0 37 55 71 7 6 7 66 49 46 46 67 76 59 
37 0 37 63 25 90 2 71 42 33 91 30 88 51 
55 37 0 73 17 20 70 4 68 82 74 29 72 87 
71 63 73 0 97 2 64 20 97 52 8 31 13 51 
7 25 17 97 0 32 8 2 73 68 19 32 42 47 
6 90 20 2 32 0 61 43 12 60 66 97 58 95 
7 2 70 64 8 61 0 30 67 18 47 81 87 28 
66 71 4 20 2 43 30 0 83 39 40 10 74 37 
49 42 68 97 73 12 67 83 0 2 41 17 4 41 
46 33 82 52 68 60 18 39 2 0 9 96 6 0 
46 91 74 8 19 66 47 40 41 9 0 62 43 25 
67 30 29 31 32 97 81 10 17 96 62 0 48 19 
76 88 72 13 42 58 87 74 4 6 43 48 0 30 
59 51 87 51 47 95 28 37 41 0 25 19 30 0 
BRRBRBRBRBBRRB
