14
0 57 80 29 95 93 52 22 14 35 35 78 47 61 
57 0 59 16 72 46 25 96 88 27 32 0 37 9 
80 59 0 72 39 70 22 24 82 99 22 69 56 83 
29 16 72 0 11 35 24 47 38 2 98 91 50 64 
95 72 39 11 0 18 29 13 65 86 89 0 15 89 
93 46 70 35 18 0 17 73 49 35 95 99 33 66 
52 25 22 24 29 17 0 39 79 43 56 25 42 29 
22 96 24 47 13 73 39 0 84 6 51 15 44 88 
14 88 82 38 65 49 79 84 0 99 95 100 15 83 
35 27 99 2 86 35 43 6 99 0 40 98 82 15 
35 32 22 98 89 95 56 51 95 40 0 4 1 34 
78 0 69 91 0 99 25 15 100 98 4 0 85 27 
47 37 56 50 15 33 42 44 15 82 1 85 0 79 
61 9 83 64 89 66 29 88 83 15 34 27 79 0 
BBRRRBRRRBRRRB
