6
0 85 34 90 58 66 
85 0 98 7 74 52 
34 98 0 87 53 100 
90 7 87 0 27 47 
58 74 53 27 0 49 
66 52 100 47 49 0 
RBRBRB
