0 93 88 58 32 27 67 34 44 84 57 
93 0 26 36 37 1 54 13 70 0 1 
88 26 0 19 42 39 68 49 29 6 73 
58 36 19 0 38 82 100 39 55 5 0 
32 37 42 38 0 78 46 34 65 78 82 
27 1 39 82 78 0 40 14 42 14 10 
67 54 68 100 46 40 0 81 23 2 4 
34 13 49 39 34 14 81 0 90 79 59 
44 70 29 55 65 42 23 90 0 41 28 
84 0 6 5 78 14 2 79 41 0 48 
57 1 73 0 82 10 4 59 28 48 0 
BBRBRRBRRRR
