9
0 2 68 21 55 85 27 6 81 
2 0 7 66 26 23 25 13 10 
68 7 0 90 80 25 42 85 85 
21 66 90 0 58 16 87 3 10 
55 26 80 58 0 96 85 37 53 
85 23 25 16 96 0 50 69 44 
27 25 42 87 85 50 0 30 93 
6 13 85 3 37 69 30 0 12 
81 10 85 10 53 44 93 12 0 
BRRBRBRRB
