9
0 44 74 28 22 32 6 29 66 
44 0 33 34 97 92 27 44 58 
74 33 0 18 8 3 96 22 44 
28 34 18 0 75 40 75 35 92 
22 97 8 75 0 96 54 99 24 
32 92 3 40 96 0 66 47 47 
6 27 96 75 54 66 0 63 94 
29 44 22 35 99 47 63 0 26 
66 58 44 92 24 47 94 26 0 
BRBRBRBBB
