13
0 56 95 49 21 16 86 50 61 14 3 46 51 
56 0 42 9 96 19 15 72 72 32 9 23 23 
95 42 0 50 18 79 49 14 22 25 82 86 56 
49 9 50 0 17 91 16 86 8 84 51 53 63 
21 96 18 17 0 12 36 6 69 76 67 28 64 
16 19 79 91 12 0 67 65 78 96 84 28 54 
86 15 49 16 36 67 0 23 64 99 89 4 84 
50 72 14 86 6 65 23 0 27 70 62 84 18 
61 72 22 8 69 78 64 27 0 65 53 28 86 
14 32 25 84 76 96 99 70 65 0 99 95 93 
3 9 82 51 67 84 89 62 53 99 0 99 70 
46 23 86 53 28 28 4 84 28 95 99 0 47 
51 23 56 63 64 54 84 18 86 93 70 47 0 
RRRRRRRRRRRRB
