0 87 72 47 37 27 5 57 59 52 20 26 71 63 89 
87 0 27 53 95 24 9 3 15 91 49 80 15 46 49 
72 27 0 20 2 89 19 46 30 33 22 5 53 24 57 
47 53 20 0 38 53 17 67 55 92 98 4 31 32 94 
37 95 2 38 0 39 36 59 37 63 13 13 100 73 62 
27 24 89 53 39 0 88 62 71 65 53 47 95 13 18 
5 9 19 17 36 88 0 100 4 35 3 44 87 32 72 
57 3 46 67 59 62 100 0 70 93 77 26 78 8 23 
59 15 30 55 37 71 4 70 0 10 9 22 26 91 53 
52 91 33 92 63 65 35 93 10 0 55 1 22 33 11 
20 49 22 98 13 53 3 77 9 55 0 28 64 80 58 
26 80 5 4 13 47 44 26 22 1 28 0 47 47 7 
71 15 53 31 100 95 87 78 26 22 64 47 0 47 26 
63 46 24 32 73 13 32 8 91 33 80 47 47 0 10 
89 49 57 94 62 18 72 23 53 11 58 7 26 10 0 
BBRBBBBRBRRBBBB
