12
0 24 77 54 21 97 50 97 15 19 24 97 
24 0 61 96 99 16 84 72 64 21 72 13 
77 61 0 68 9 82 21 75 13 51 50 23 
54 96 68 0 76 12 17 67 27 5 100 87 
21 99 9 76 0 25 50 48 43 0 43 3 
97 16 82 12 25 0 43 17 20 75 33 93 
50 84 21 17 50 43 0 13 6 50 81 97 
97 72 75 67 48 17 13 0 42 95 34 56 
15 64 13 27 43 20 6 42 0 71 83 24 
19 21 51 5 0 75 50 95 71 0 19 9 
24 72 50 100 43 33 81 34 83 19 0 59 
97 13 23 87 3 93 97 56 24 9 59 0 
BBBBBBBRRBRR
