6
0 74 39 81 55 75 
74 0 57 91 39 61 
39 57 0 29 96 14 
81 91 29 0 45 89 
55 39 96 45 0 67 
75 61 14 89 67 0 
RBRBRR
