0 67 56 49 23 29 27 15 94 10 94 20 67 25 40 
67 0 32 40 22 62 75 92 94 58 11 0 32 13 81 
56 32 0 66 62 43 69 11 14 21 78 78 99 5 57 
49 40 66 0 93 81 85 91 42 45 42 97 18 69 88 
23 22 62 93 0 96 44 52 29 57 5 47 10 71 34 
29 62 43 81 96 0 79 55 59 35 87 36 4 47 45 
27 75 69 85 44 79 0 62 36 78 41 98 70 98 94 
15 92 11 91 52 55 62 0 59 83 22 75 2 36 11 
94 94 14 42 29 59 36 59 0 90 26 1 1 40 63 
10 58 21 45 57 35 78 83 90 0 4 42 7 95 9 
94 11 78 42 5 87 41 22 26 4 0 100 12 57 60 
20 0 78 97 47 36 98 75 1 42 100 0 22 26 55 
67 32 99 18 10 4 70 2 1 7 12 22 0 79 29 
25 13 5 69 71 47 98 36 40 95 57 26 79 0 40 
40 81 57 88 34 45 94 11 63 9 60 55 29 40 0 
RBRRRRBRBRBRRBR
