0 67 59 64 69 23 3 0 54 46 72 7 63 49 
67 0 3 42 83 89 92 76 18 7 33 8 29 49 
59 3 0 90 25 98 2 38 17 60 93 41 43 67 
64 42 90 0 8 36 85 53 88 76 66 14 18 0 
69 83 25 8 0 30 89 7 3 10 90 98 58 99 
23 89 98 36 30 0 3 25 2 85 71 64 11 45 
3 92 2 85 89 3 0 56 81 18 49 39 25 36 
0 76 38 53 7 25 56 0 98 47 56 79 73 19 
54 18 17 88 3 2 81 98 0 12 68 4 5 53 
46 7 60 76 10 85 18 47 12 0 64 49 4 69 
72 33 93 66 90 71 49 56 68 64 0 3 91 75 
7 8 41 14 98 64 39 79 4 49 3 0 76 14 
63 29 43 18 58 11 25 73 5 4 91 76 0 82 
49 49 67 0 99 45 36 19 53 69 75 14 82 0 
RBRBRRBRBRRRBB
