13
0 93 87 81 71 2 56 24 62 46 72 36 68 
93 0 66 42 8 33 99 14 68 95 63 30 63 
87 66 0 87 22 51 97 32 81 65 46 0 95 
81 42 87 0 45 15 50 62 74 10 78 36 94 
71 8 22 45 0 5 96 85 46 34 9 46 79 
2 33 51 15 5 0 42 13 96 97 17 28 58 
56 99 97 50 96 42 0 21 60 96 71 83 10 
24 14 32 62 85 13 21 0 76 23 19 36 31 
62 68 81 74 46 96 60 76 0 32 6 30 64 
46 95 65 10 34 97 96 23 32 0 95 42 90 
72 63 46 78 9 17 71 19 6 95 0 75 89 
36 30 0 36 46 28 83 36 30 42 75 0 60 
68 63 95 94 79 58 10 31 64 90 89 60 0 
RBBBRBRRRBRRB
