7
0 31 40 51 20 41 37 
31 0 54 20 49 20 25 
40 54 0 48 16 11 90 
51 20 48 0 55 64 38 
20 49 16 55 0 87 48 
41 20 11 64 87 0 27 
37 25 90 38 48 27 0 
BBRBBBR
