0 64 48 32 16 47 63 13 47 24 54 
64 0 92 72 5 6 14 25 1 48 72 
48 92 0 78 94 21 4 73 30 18 60 
32 72 78 0 4 54 1 85 89 20 54 
16 5 94 4 0 4 95 97 36 7 29 
47 6 21 54 4 0 83 5 79 39 81 
63 14 4 1 95 83 0 62 41 41 89 
13 25 73 85 97 5 62 0 90 96 100 
47 1 30 89 36 79 41 90 0 39 82 
24 48 18 20 7 39 41 96 39 0 47 
54 72 60 54 29 81 89 100 82 47 0 
RRBBBBBBBRB
