6
0 32 91 17 4 26 
32 0 13 80 38 33 
91 13 0 82 51 89 
17 80 82 0 37 34 
4 38 51 37 0 84 
26 33 89 34 84 0 
BBRRBR
