13
0 84 30 30 64 82 17 58 86 21 13 80 87 
84 0 34 99 97 64 95 43 19 44 22 10 4 
30 34 0 36 3 52 50 57 14 81 74 84 67 
30 99 36 0 27 20 43 10 63 12 6 49 90 
64 97 3 27 0 3 10 51 18 21 78 12 40 
82 64 52 20 3 0 13 91 35 40 18 83 57 
17 95 50 43 10 13 0 8 83 1 94 9 29 
58 43 57 10 51 91 8 0 88 1 94 24 33 
86 19 14 63 18 35 83 88 0 20 80 91 77 
21 44 81 12 21 40 1 1 20 0 56 11 76 
13 22 74 6 78 18 94 94 80 56 0 43 94 
80 10 84 49 12 83 9 24 91 11 43 0 41 
87 4 67 90 40 57 29 33 77 76 94 41 0 
RRBRRRBBRRRRB
