0 50 79 77 41 66 84 67 71 2 4 38 
50 0 19 68 35 47 38 99 81 19 23 21 
79 19 0 10 13 70 8 41 28 83 64 8 
77 68 10 0 94 41 40 92 74 32 57 81 
41 35 13 94 0 28 35 60 36 49 74 97 
66 47 70 41 28 0 96 75 23 12 58 95 
84 38 8 40 35 96 0 58 88 54 29 25 
67 99 41 92 60 75 58 0 81 39 37 57 
71 81 28 74 36 23 88 81 0 89 76 98 
2 19 83 32 49 12 54 39 89 0 15 94 
4 23 64 57 74 58 29 37 76 15 0 45 
38 21 8 81 97 95 25 57 98 94 45 0 
RBRRBRRBBBRB
