6
0 49 8 56 58 36 
49 0 27 49 28 37 
8 27 0 98 95 79 
56 49 98 0 23 94 
58 28 95 23 0 99 
36 37 79 94 99 0 
BRRRBB
