16
0 80 73 98 39 19 76 28 51 14 89 26 34 3 3 15 
80 0 100 89 77 79 14 78 79 46 13 50 66 71 22 64 
73 100 0 29 22 29 55 100 20 87 13 95 34 73 59 60 
98 89 29 0 75 34 0 33 59 52 30 81 24 34 85 73 
39 77 22 75 0 14 26 61 81 37 15 11 64 4 42 75 
19 79 29 34 14 0 100 62 99 38 47 17 36 81 100 74 
76 14 55 0 26 100 0 11 98 89 2 73 76 81 85 89 
28 78 100 33 61 62 11 0 38 62 0 42 27 67 6 54 
51 79 20 59 81 99 98 38 0 50 3 76 41 98 29 48 
14 46 87 52 37 38 89 62 50 0 27 1 35 95 78 30 
89 13 13 30 15 47 2 0 3 27 0 5 13 47 37 66 
26 50 95 81 11 17 73 42 76 1 5 0 94 63 24 100 
34 66 34 24 64 36 76 27 41 35 13 94 0 21 88 56 
3 71 73 34 4 81 81 67 98 95 47 63 21 0 84 56 
3 22 59 85 42 100 85 6 29 78 37 24 88 84 0 22 
15 64 60 73 75 74 89 54 48 30 66 100 56 56 22 0 
RRRRBRBRBBBRRBBB
