14
0 66 66 48 9 5 94 63 72 57 69 11 90 90 
66 0 23 29 42 1 54 2 93 28 72 59 71 15 
66 23 0 38 63 49 93 81 74 37 98 94 11 97 
48 29 38 0 47 75 95 20 70 32 57 94 37 82 
9 42 63 47 0 84 96 27 94 84 46 1 85 39 
5 1 49 75 84 0 95 17 12 33 82 85 38 61 
94 54 93 95 96 95 0 45 12 0 8 88 86 9 
63 2 81 20 27 17 45 0 62 61 33 24 45 33 
72 93 74 70 94 12 12 62 0 27 1 59 2 96 
57 28 37 32 84 33 0 61 27 0 87 21 21 93 
69 72 98 57 46 82 8 33 1 87 0 79 74 5 
11 59 94 94 1 85 88 24 59 21 79 0 98 6 
90 71 11 37 85 38 86 45 2 21 74 98 0 30 
90 15 97 82 39 61 9 33 96 93 5 6 30 0 
RRRBBRBBBRBRBR
