10
0 72 67 11 37 57 0 64 98 19 
72 0 94 72 33 72 76 27 32 62 
67 94 0 7 18 100 1 21 42 69 
11 72 7 0 14 96 67 84 28 41 
37 33 18 14 0 90 4 18 89 100 
57 72 100 96 90 0 26 17 43 33 
0 76 1 67 4 26 0 57 91 96 
64 27 21 84 18 17 57 0 42 31 
98 32 42 28 89 43 91 42 0 33 
19 62 69 41 100 33 96 31 33 0 
RRRBBRRRRR
