0 31 9 90 49 100 86 81 
31 0 89 34 34 63 46 41 
9 89 0 61 78 26 96 23 
90 34 61 0 19 99 30 94 
49 34 78 19 0 35 18 80 
100 63 26 99 35 0 4 20 
86 46 96 30 18 4 0 78 
81 41 23 94 80 20 78 0 
BRRRRRRR
