10
0 87 60 39 51 47 43 22 58 92 
87 0 46 14 30 58 38 37 77 93 
60 46 0 74 74 26 49 85 61 73 
39 14 74 0 49 44 82 82 84 23 
51 30 74 49 0 42 27 57 63 39 
47 58 26 44 42 0 40 94 60 19 
43 38 49 82 27 40 0 10 10 76 
22 37 85 82 57 94 10 0 11 55 
58 77 61 84 63 60 10 11 0 72 
92 93 73 23 39 19 76 55 72 0 
RBRBBRRBBR
