0 88 41 66 43 26 1 65 31 
88 0 16 65 96 53 10 38 85 
41 16 0 60 100 6 86 52 40 
66 65 60 0 100 92 74 2 31 
43 96 100 100 0 94 34 82 92 
26 53 6 92 94 0 75 68 60 
1 10 86 74 34 75 0 30 12 
65 38 52 2 82 68 30 0 50 
31 85 40 31 92 60 12 50 0 
BRBBRBBBB
