14
0 34 96 73 43 95 67 64 1 15 92 73 44 19 
34 0 56 25 60 84 66 9 55 30 10 18 29 14 
96 56 0 33 66 70 69 82 40 82 72 33 15 89 
73 25 33 0 95 6 56 96 4 13 12 48 40 72 
43 60 66 95 0 70 39 18 64 66 15 24 65 50 
95 84 70 6 70 0 97 80 72 38 9 20 61 61 
67 66 69 56 39 97 0 16 48 53 30 80 32 40 
64 9 82 96 18 80 16 0 21 4 32 97 79 15 
1 55 40 4 64 72 48 21 0 2 99 87 71 40 
15 30 82 13 66 38 53 4 2 0 39 92 67 37 
92 10 72 12 15 9 30 32 99 39 0 42 11 36 
73 18 33 48 24 20 80 97 87 92 42 0 98 17 
44 29 15 40 65 61 32 79 71 67 11 98 0 52 
19 14 89 72 50 61 40 15 40 37 36 17 52 0 
BRRBBRRRRBRBBR
