8
0 11 45 72 49 68 97 63 
11 0 40 35 60 35 25 61 
45 40 0 2 62 87 86 59 
72 35 2 0 34 84 63 4 
49 60 62 34 0 21 59 90 
68 35 87 84 21 0 0 31 
97 25 86 63 59 0 0 63 
63 61 59 4 90 31 63 0 
BBRRRBBR
