0 17 68 14 75 47 85 15 63 47 6 
17 0 32 66 24 85 73 24 36 50 54 
68 32 0 58 85 80 25 90 30 19 2 
14 66 58 0 0 77 16 44 60 2 92 
75 24 85 0 0 70 64 29 73 11 69 
47 85 80 77 70 0 74 1 57 19 82 
85 73 25 16 64 74 0 69 39 28 67 
15 24 90 44 29 1 69 0 77 39 30 
63 36 30 60 73 57 39 77 0 10 11 
47 50 19 2 11 19 28 39 10 0 5 
6 54 2 92 69 82 67 30 11 5 0 
RRBBRRRBRBB
