12
0 52 91 91 8 3 24 16 72 55 40 34 
52 0 55 93 65 47 84 91 12 43 89 42 
91 55 0 88 19 80 84 76 3 96 97 68 
91 93 88 0 45 2 92 21 100 3 30 36 
8 65 19 45 0 90 93 99 3 32 28 28 
3 47 80 2 90 0 16 13 22 88 87 24 
24 84 84 92 93 16 0 91 59 40 82 23 
16 91 76 21 99 13 91 0 46 85 25 10 
72 12 3 100 3 22 59 46 0 16 58 92 
55 43 96 3 32 88 40 85 16 0 62 95 
40 89 97 30 28 87 82 25 58 62 0 15 
34 42 68 36 28 24 23 10 92 95 15 0 
BRBBBRRRBBBR
