0 49 82 21 96 1 28 53 43 0 81 
49 0 72 92 95 57 10 22 30 57 7 
82 72 0 90 89 61 73 37 58 29 12 
21 92 90 0 15 34 19 33 51 33 36 
96 95 89 15 0 47 0 83 14 19 96 
1 57 61 34 47 0 76 91 7 30 56 
28 10 73 19 0 76 0 33 11 33 39 
53 22 37 33 83 91 33 0 51 52 13 
43 30 58 51 14 7 11 51 0 17 53 
0 57 29 33 19 30 33 52 17 0 3 
81 7 12 36 96 56 39 13 53 3 0 
RRRBBRBBBRB
