15
0 34 98 37 4 70 22 35 71 92 27 81 89 40 33 
34 0 48 46 39 19 68 79 67 15 6 95 86 44 81 
98 48 0 63 28 91 70 90 0 72 16 91 88 72 87 
37 46 63 0 18 40 98 71 6 70 88 9 41 35 8 
4 39 28 18 0 65 17 42 82 56 77 73 55 94 30 
70 19 91 40 65 0 55 5 44 44 2 19 87 54 97 
22 68 70 98 17 55 0 16 78 76 71 41 21 86 89 
35 79 90 71 42 5 16 0 54 70 22 77 74 59 83 
71 67 0 6 82 44 78 54 0 42 99 79 29 16 7 
92 15 72 70 56 44 76 70 42 0 73 20 75 41 67 
27 6 16 88 77 2 71 22 99 73 0 86 23 95 23 
81 95 91 9 73 19 41 77 79 20 86 0 71 44 95 
89 86 88 41 55 87 21 74 29 75 23 71 0 95 8 
40 44 72 35 94 54 86 59 16 41 95 44 95 0 16 
33 81 87 8 30 97 89 83 7 67 23 95 8 16 0 
RRBRRRRBBRRBRRR
