15
0 58 24 88 55 38 59 32 52 22 85 49 28 81 57 
58 0 91 53 61 49 40 83 67 74 29 62 46 17 35 
24 91 0 74 89 73 88 46 4 38 51 8 89 26 63 
88 53 74 0 48 75 0 31 4 14 73 38 31 28 77 
55 61 89 48 0 2 81 28 39 86 79 56 89 87 29 
38 49 73 75 2 0 93 18 6 92 92 89 8 37 99 
59 40 88 0 81 93 0 25 75 50 1 53 6 10 39 
32 83 46 31 28 18 25 0 46 38 87 95 63 0 60 
52 67 4 4 39 6 75 46 0 87 49 67 60 67 10 
22 74 38 14 86 92 50 38 87 0 83 14 49 99 40 
85 29 51 73 79 92 1 87 49 83 0 84 34 51 84 
49 62 8 38 56 89 53 95 67 14 84 0 46 27 81 
28 46 89 31 89 8 6 63 60 49 34 46 0 80 2 
81 17 26 28 87 37 10 0 67 99 51 27 80 0 92 
57 35 63 77 29 99 39 60 10 40 84 81 2 92 0 
RBBRRBBRBRBBRRB
