0 99 69 89 11 11 97 69 4 52 27 
99 0 29 61 24 53 7 21 71 90 49 
69 29 0 97 22 78 91 65 55 50 88 
89 61 97 0 11 57 59 60 30 38 71 
11 24 22 11 0 44 82 88 31 71 50 
11 53 78 57 44 0 46 54 83 5 95 
97 7 91 59 82 46 0 5 88 95 94 
69 21 65 60 88 54 5 0 39 91 72 
4 71 55 30 31 83 88 39 0 37 8 
52 90 50 38 71 5 95 91 37 0 12 
27 49 88 71 50 95 94 72 8 12 0 
BRBBBRBBBRB
