0 94 40 78 91 36 86 75 50 13 48 5 
94 0 61 63 25 33 88 71 5 29 35 100 
40 61 0 17 25 12 95 1 63 15 71 77 
78 63 17 0 65 54 73 74 60 65 57 90 
91 25 25 65 0 17 53 80 28 24 66 69 
36 33 12 54 17 0 48 69 52 44 6 4 
86 88 95 73 53 48 0 83 31 51 33 79 
75 71 1 74 80 69 83 0 60 76 22 48 
50 5 63 60 28 52 31 60 0 3 50 22 
13 29 15 65 24 44 51 76 3 0 86 22 
48 35 71 57 66 6 33 22 50 86 0 58 
5 100 77 90 69 4 79 48 22 22 58 0 
RRRBBBRRRBBR
