13
0 79 32 38 35 96 1 37 5 89 41 54 57 
79 0 92 11 51 86 4 28 18 88 9 70 26 
32 92 0 70 87 40 94 6 81 28 52 76 3 
38 11 70 0 24 53 0 15 61 9 28 6 30 
35 51 87 24 0 80 53 34 27 12 77 1 12 
96 86 40 53 80 0 36 19 5 27 0 80 25 
1 4 94 0 53 36 0 29 68 52 52 65 65 
37 28 6 15 34 19 29 0 9 54 5 62 5 
5 18 81 61 27 5 68 9 0 34 80 9 65 
89 88 28 9 12 27 52 54 34 0 31 49 71 
41 9 52 28 77 0 52 5 80 31 0 96 93 
54 70 76 6 1 80 65 62 9 49 96 0 88 
57 26 3 30 12 25 65 5 65 71 93 88 0 
RRBBBRBRBBRRR
