13
0 57 71 70 56 81 41 5 23 57 71 62 49 
57 0 32 1 60 39 46 87 12 66 2 67 48 
71 32 0 28 95 56 99 94 14 45 65 64 74 
70 1 28 0 40 54 13 4 54 78 96 52 94 
56 60 95 40 0 98 83 18 9 0 68 69 93 
81 39 56 54 98 0 81 5 31 44 100 78 52 
41 46 99 13 83 81 0 58 6 62 43 79 79 
5 87 94 4 18 5 58 0 17 83 13 5 90 
23 12 14 54 9 31 6 17 0 67 36 93 29 
57 66 45 78 0 44 62 83 67 0 10 16 73 
71 2 65 96 68 100 43 13 36 10 0 64 41 
62 67 64 52 69 78 79 5 93 16 64 0 99 
49 48 74 94 93 52 79 90 29 73 41 99 0 
BRRBBRBRBRBRR
