6
0 29 81 11 13 98 
29 0 14 48 67 72 
81 14 0 32 46 4 
11 48 32 0 31 10 
13 67 46 31 0 79 
98 72 4 10 79 0 
RBBRRB
