16
0 94 13 86 99 9 23 76 80 6 64 69 26 51 51 50 
94 0 15 37 100 17 81 67 78 77 74 21 48 66 45 1 
13 15 0 75 26 67 49 80 13 69 86 59 69 66 0 22 
86 37 75 0 44 52 11 15 92 32 97 71 77 99 30 69 
99 100 26 44 0 7 92 79 41 89 60 45 3 72 33 9 
9 17 67 52 7 0 46 64 87 41 100 48 21 79 71 64 
23 81 49 11 92 46 0 36 85 37 59 4 76 16 97 75 
76 67 80 15 79 64 36 0 46 72 49 48 15 55 26 57 
80 78 13 92 41 87 85 46 0 11 100 29 58 55 67 63 
6 77 69 32 89 41 37 72 11 0 61 71 31 80 99 21 
64 74 86 97 60 100 59 49 100 61 0 55 5 81 86 10 
69 21 59 71 45 48 4 48 29 71 55 0 28 38 88 7 
26 48 69 77 3 21 76 15 58 31 5 28 0 84 25 78 
51 66 66 99 72 79 16 55 55 80 81 38 84 0 82 48 
51 45 0 30 33 71 97 26 67 99 86 88 25 82 0 28 
50 1 22 69 9 64 75 57 63 21 10 7 78 48 28 0 
RRBRBBRBRRBBBRBR
