6
0 82 9 52 79 35 
82 0 87 35 56 87 
9 87 0 7 84 4 
52 35 7 0 71 34 
79 56 84 71 0 91 
35 87 4 34 91 0 
BBRRRB
