16
0 93 36 85 49 43 100 87 74 62 39 35 48 35 51 86 
93 0 75 63 52 82 74 65 81 78 75 60 40 55 54 70 
36 75 0 84 90 41 32 59 56 89 45 85 62 40 61 52 
85 63 84 0 43 97 75 95 81 62 90 97 89 63 45 33 
49 52 90 43 0 44 48 62 59 76 57 61 49 99 78 31 
43 82 41 97 44 0 45 66 57 55 94 61 97 56 90 71 
100 74 32 75 48 45 0 38 64 60 83 39 86 30 49 99 
87 65 59 95 62 66 38 0 35 45 90 52 66 93 30 52 
74 81 56 81 59 57 64 35 0 96 73 53 78 71 94 84 
62 78 89 62 76 55 60 45 96 0 47 76 34 97 55 47 
39 75 45 90 57 94 83 90 73 47 0 57 68 50 42 98 
35 60 85 97 61 61 39 52 53 76 57 0 31 43 68 79 
48 40 62 89 49 97 86 66 78 34 68 31 0 71 62 87 
35 55 40 63 99 56 30 93 71 97 50 43 71 0 88 46 
51 54 61 45 78 90 49 30 94 55 42 68 62 88 0 66 
86 70 52 33 31 71 99 52 84 47 98 79 87 46 66 0 
RRBRRRBRBBRBBBBR
