0 25 47 2 10 59 
25 0 45 24 24 58 
47 45 0 37 46 92 
2 24 37 0 32 74 
10 24 46 32 0 48 
59 58 92 74 48 0 
RRBRRR
