10
0 56 62 94 95 85 81 66 50 83 
56 0 84 76 40 31 51 46 47 57 
62 84 0 98 22 79 80 50 9 72 
94 76 98 0 51 75 88 38 62 70 
95 40 22 51 0 85 37 87 98 42 
85 31 79 75 85 0 19 74 44 40 
81 51 80 88 37 19 0 3 78 49 
66 46 50 38 87 74 3 0 89 26 
50 47 9 62 98 44 78 89 0 92 
83 57 72 70 42 40 49 26 92 0 
BRBRRBBBRB
