0 13 55 28 93 5 76 26 13 30 
13 0 61 87 33 99 92 41 1 62 
55 61 0 9 2 61 67 39 76 23 
28 87 9 0 7 99 21 66 96 78 
93 33 2 7 0 88 69 38 34 24 
5 99 61 99 88 0 54 91 20 26 
76 92 67 21 69 54 0 63 73 66 
26 41 39 66 38 91 63 0 57 46 
13 1 76 96 34 20 73 57 0 82 
30 62 23 78 24 26 66 46 82 0 
BRRBBBRBRB
