8
0 40 66 49 86 49 58 71 
40 0 99 3 75 53 99 61 
66 99 0 80 23 45 90 5 
49 3 80 0 28 44 83 86 
86 75 23 28 0 9 100 72 
49 53 45 44 9 0 88 70 
58 99 90 83 100 88 0 50 
71 61 5 86 72 70 50 0 
BBBBRRBR
