0 77 9 85 65 96 19 1 66 10 47 
77 0 42 34 17 94 43 17 91 66 94 
9 42 0 68 51 68 0 44 18 64 92 
85 34 68 0 29 42 49 49 42 85 10 
65 17 51 29 0 8 40 42 64 4 33 
96 94 68 42 8 0 33 70 77 11 55 
19 43 0 49 40 33 0 92 62 45 53 
1 17 44 49 42 70 92 0 54 88 37 
66 91 18 42 64 77 62 54 0 28 88 
10 66 64 85 4 11 45 88 28 0 93 
47 94 92 10 33 55 53 37 88 93 0 
RRBRBRRBRBR
