7
0 76 52 95 77 44 22 
76 0 71 84 67 64 81 
52 71 0 86 100 20 43 
95 84 86 0 66 34 99 
77 67 100 66 0 15 69 
44 64 20 34 15 0 86 
22 81 43 99 69 86 0 
BRRBRBR
