9
0 6 42 30 18 16 97 85 65 
6 0 1 25 75 1 63 88 93 
42 1 0 30 17 75 46 69 52 
30 25 30 0 31 36 40 53 31 
18 75 17 31 0 40 43 1 41 
16 1 75 36 40 0 95 27 52 
97 63 46 40 43 95 0 10 69 
85 88 69 53 1 27 10 0 67 
65 93 52 31 41 52 69 67 0 
RBRBBRRBR
