0 59 32 72 38 95 30 45 79 79 86 51 58 92 
59 0 81 30 39 22 81 64 26 90 22 22 13 66 
32 81 0 1 34 84 55 9 92 37 61 74 79 41 
72 30 1 0 68 73 45 26 66 40 81 75 54 52 
38 39 34 68 0 91 34 5 71 82 17 46 97 84 
95 22 84 73 91 0 58 94 66 97 56 51 37 98 
30 81 55 45 34 58 0 77 59 2 4 17 94 56 
45 64 9 26 5 94 77 0 72 91 21 49 23 20 
79 26 92 66 71 66 59 72 0 22 28 81 83 58 
79 90 37 40 82 97 2 91 22 0 71 55 95 36 
86 22 61 81 17 56 4 21 28 71 0 45 81 87 
51 22 74 75 46 51 17 49 81 55 45 0 84 41 
58 13 79 54 97 37 94 23 83 95 81 84 0 94 
92 66 41 52 84 98 56 20 58 36 87 41 94 0 
BRRRRRBBBRRRRB
