8
0 0 42 75 21 75 47 3 
0 0 56 35 61 17 67 63 
42 56 0 38 20 25 91 18 
75 35 38 0 42 23 80 67 
21 61 20 42 0 0 2 13 
75 17 25 23 0 0 17 71 
47 67 91 80 2 17 0 1 
3 63 18 67 13 71 1 0 
RRBBRRBB
