0 22 25 47 66 83 40 30 86 18 97 80 4 19 
22 0 5 67 73 42 54 11 16 49 61 4 82 58 
25 5 0 23 79 79 100 61 72 27 32 82 93 22 
47 67 23 0 87 92 4 70 90 99 34 11 4 81 
66 73 79 87 0 49 50 88 13 21 22 42 10 33 
83 42 79 92 49 0 20 68 39 70 20 74 71 48 
40 54 100 4 50 20 0 38 83 9 48 81 83 36 
30 11 61 70 88 68 38 0 44 59 91 92 6 79 
86 16 72 90 13 39 83 44 0 41 87 0 10 22 
18 49 27 99 21 70 9 59 41 0 40 92 1 11 
97 61 32 34 22 20 48 91 87 40 0 57 12 8 
80 4 82 11 42 74 81 92 0 92 57 0 19 52 
4 82 93 4 10 71 83 6 10 1 12 19 0 51 
19 58 22 81 33 48 36 79 22 11 8 52 51 0 
BRRRRBBRRBBRRR
