6
0 75 58 95 40 65 
75 0 21 89 58 27 
58 21 0 22 10 58 
95 89 22 0 95 77 
40 58 10 95 0 49 
65 27 58 77 49 0 
BRRBRB
