14
0 79 29 88 83 20 3 16 30 70 28 12 62 53 
79 0 93 49 81 66 26 44 79 2 39 51 7 57 
29 93 0 89 100 72 75 40 74 84 16 21 100 37 
88 49 89 0 55 6 67 58 74 84 16 53 37 89 
83 81 100 55 0 82 43 38 39 25 70 100 83 80 
20 66 72 6 82 0 16 56 29 8 51 37 14 10 
3 26 75 67 43 16 0 56 86 44 82 91 28 73 
16 44 40 58 38 56 56 0 92 21 34 88 7 8 
30 79 74 74 39 29 86 92 0 57 84 39 10 69 
70 2 84 84 25 8 44 21 57 0 75 96 47 13 
28 39 16 16 70 51 82 34 84 75 0 77 67 32 
12 51 21 53 100 37 91 88 39 96 77 0 25 78 
62 7 100 37 83 14 28 7 10 47 67 25 0 91 
53 57 37 89 80 10 73 8 69 13 32 78 91 0 
RRBRBRBRRRBBBB
