12
0 23 84 19 86 18 77 25 36 69 70 44 
23 0 43 18 22 22 76 66 10 45 54 92 
84 43 0 27 6 6 100 95 42 46 93 16 
19 18 27 0 60 85 45 34 80 66 48 73 
86 22 6 60 0 45 47 79 13 86 14 94 
18 22 6 85 45 0 44 19 29 62 94 17 
77 76 100 45 47 44 0 19 41 75 0 81 
25 66 95 34 79 19 19 0 22 75 19 26 
36 10 42 80 13 29 41 22 0 56 8 34 
69 45 46 66 86 62 75 75 56 0 36 91 
70 54 93 48 14 94 0 19 8 36 0 46 
44 92 16 73 94 17 81 26 34 91 46 0 
RRBRRBBBRRRB
