14
0 63 55 79 72 84 48 40 53 97 91 87 63 32 
63 0 35 63 85 64 66 76 31 89 100 92 31 77 
55 35 0 62 42 92 76 97 34 35 72 60 64 97 
79 63 62 0 100 87 40 64 99 43 72 50 34 93 
72 85 42 100 0 81 39 65 68 100 39 35 50 84 
84 64 92 87 81 0 77 57 52 94 60 95 51 32 
48 66 76 40 39 77 0 84 85 48 95 42 40 93 
40 76 97 64 65 57 84 0 58 55 69 50 41 64 
53 31 34 99 68 52 85 58 0 48 33 80 44 37 
97 89 35 43 100 94 48 55 48 0 32 53 73 36 
91 100 72 72 39 60 95 69 33 32 0 96 96 46 
87 92 60 50 35 95 42 50 80 53 96 0 63 79 
63 31 64 34 50 51 40 41 44 73 96 63 0 37 
32 77 97 93 84 32 93 64 37 36 46 79 37 0 
BRBBRRRRRBBBRB
