8
0 95 37 66 85 26 91 5 
95 0 77 59 15 3 99 24 
37 77 0 80 74 36 10 18 
66 59 80 0 66 58 38 95 
85 15 74 66 0 84 92 99 
26 3 36 58 84 0 75 83 
91 99 10 38 92 75 0 1 
5 24 18 95 99 83 1 0 
BRBRRRBB
