0 58 1 3 4 62 55 
58 0 49 92 34 40 12 
1 49 0 99 24 16 26 
3 92 99 0 12 34 95 
4 34 24 12 0 94 97 
62 40 16 34 94 0 95 
55 12 26 95 97 95 0 
RBRBRBR
