0 36 6 10 67 30 53 12 77 6 1 
36 0 65 2 47 20 57 24 64 88 15 
6 65 0 69 8 63 46 96 8 65 23 
10 2 69 0 34 33 69 20 46 48 8 
67 47 8 34 0 78 4 34 33 57 15 
30 20 63 33 78 0 52 92 19 70 21 
53 57 46 69 4 52 0 96 22 36 100 
12 24 96 20 34 92 96 0 2 27 26 
77 64 8 46 33 19 22 2 0 96 77 
6 88 65 48 57 70 36 27 96 0 17 
1 15 23 8 15 21 100 26 77 17 0 
RBRBBRBRBRR
