14
0 0 10 77 92 19 1 44 35 44 83 92 32 8 
0 0 83 16 83 52 24 79 63 19 7 70 35 52 
10 83 0 92 81 86 47 74 76 61 58 98 96 35 
77 16 92 0 100 11 26 7 10 48 1 10 84 43 
92 83 81 100 0 33 15 13 45 0 30 65 43 28 
19 52 86 11 33 0 32 34 17 90 41 24 38 82 
1 24 47 26 15 32 0 1 66 36 100 40 87 59 
44 79 74 7 13 34 1 0 57 78 9 85 21 79 
35 63 76 10 45 17 66 57 0 74 59 85 92 63 
44 19 61 48 0 90 36 78 74 0 57 29 100 100 
83 7 58 1 30 41 100 9 59 57 0 37 30 46 
92 70 98 10 65 24 40 85 85 29 37 0 86 7 
32 35 96 84 43 38 87 21 92 100 30 86 0 27 
8 52 35 43 28 82 59 79 63 100 46 7 27 0 
BBRRRRBRRRBRBR
