12
0 7 40 79 68 8 6 62 12 88 93 48 
7 0 87 51 58 50 91 23 65 90 57 39 
40 87 0 24 30 58 88 96 23 64 91 53 
79 51 24 0 48 42 88 42 63 48 45 44 
68 58 30 48 0 96 66 73 69 100 38 68 
8 50 58 42 96 0 39 55 37 56 49 86 
6 91 88 88 66 39 0 29 72 93 52 80 
62 23 96 42 73 55 29 0 54 0 27 60 
12 65 23 63 69 37 72 54 0 13 95 36 
88 90 64 48 100 56 93 0 13 0 15 5 
93 57 91 45 38 49 52 27 95 15 0 0 
48 39 53 44 68 86 80 60 36 5 0 0 
BRRRBBRRBRBB
