0 17 30 21 26 46 5 19 92 37 62 68 
17 0 44 91 74 27 46 36 7 15 47 18 
30 44 0 59 18 82 80 81 89 81 37 84 
21 91 59 0 98 38 79 78 1 71 29 78 
26 74 18 98 0 1 2 49 100 1 8 3 
46 27 82 38 1 0 94 65 79 69 56 18 
5 46 80 79 2 94 0 4 47 84 8 6 
19 36 81 78 49 65 4 0 6 18 46 42 
92 7 89 1 100 79 47 6 0 99 64 5 
37 15 81 71 1 69 84 18 99 0 100 46 
62 47 37 29 8 56 8 46 64 100 0 4 
68 18 84 78 3 18 6 42 5 46 4 0 
RBRRBBBRRRRR
