6
0 49 32 74 16 38 
49 0 97 88 80 24 
32 97 0 86 63 2 
74 88 86 0 55 31 
16 80 63 55 0 48 
38 24 2 31 48 0 
RBBRBR
