12
0 81 96 49 70 59 47 76 3 6 93 88 
81 0 42 98 10 88 60 73 2 52 80 82 
96 42 0 30 12 66 5 95 92 11 65 32 
49 98 30 0 4 27 53 70 95 47 99 58 
70 10 12 4 0 90 30 96 98 65 55 67 
59 88 66 27 90 0 82 12 43 26 24 41 
47 60 5 53 30 82 0 13 13 27 37 17 
76 73 95 70 96 12 13 0 54 77 35 13 
3 2 92 95 98 43 13 54 0 86 95 79 
6 52 11 47 65 26 27 77 86 0 3 23 
93 80 65 99 55 24 37 35 95 3 0 14 
88 82 32 58 67 41 17 13 79 23 14 0 
BBRBBRBRBRRB
