0 3 71 29 54 30 87 0 
3 0 23 48 72 2 22 58 
71 23 0 44 19 62 29 68 
29 48 44 0 34 34 79 34 
54 72 19 34 0 76 8 69 
30 2 62 34 76 0 42 16 
87 22 29 79 8 42 0 74 
0 58 68 34 69 16 74 0 
RRBBRBRB
