10
0 56 84 55 9 8 78 54 2 99 
56 0 93 55 54 3 64 95 24 24 
84 93 0 48 92 99 21 9 64 5 
55 55 48 0 64 4 75 98 76 63 
9 54 92 64 0 41 63 1 97 36 
8 3 99 4 41 0 36 62 22 49 
78 64 21 75 63 36 0 72 47 0 
54 95 9 98 1 62 72 0 76 43 
2 24 64 76 97 22 47 76 0 31 
99 24 5 63 36 49 0 43 31 0 
BBRRRRBBRB
