0 46 92 69 17 92 36 
46 0 73 26 1 3 92 
92 73 0 88 16 85 90 
69 26 88 0 37 4 12 
17 1 16 37 0 63 62 
92 3 85 4 63 0 48 
36 92 90 12 62 48 0 
RBBBBRR
