7
0 71 27 51 81 0 63 
71 0 91 87 61 74 83 
27 91 0 24 83 23 17 
51 87 24 0 54 56 82 
81 61 83 54 0 33 23 
0 74 23 56 33 0 51 
63 83 17 82 23 51 0 
BRBBRRR
