10
0 79 86 74 50 44 58 27 71 7 
79 0 49 66 11 48 36 35 58 61 
86 49 0 69 94 39 61 66 65 20 
74 66 69 0 8 27 74 77 19 73 
50 11 94 8 0 12 61 87 96 93 
44 48 39 27 12 0 62 20 19 89 
58 36 61 74 61 62 0 35 23 85 
27 35 66 77 87 20 35 0 53 27 
71 58 65 19 96 19 23 53 0 6 
7 61 20 73 93 89 85 27 6 0 
BBRRBBBBBB
