8
0 70 89 18 42 3 63 24 
70 0 81 34 48 86 48 56 
89 81 0 8 6 57 2 75 
18 34 8 0 43 92 2 47 
42 48 6 43 0 40 4 56 
3 86 57 92 40 0 23 34 
63 48 2 2 4 23 0 72 
24 56 75 47 56 34 72 0 
RBRBRBBR
