0 6 74 65 46 45 53 1 90 47 77 35 
6 0 85 0 7 66 85 66 43 52 2 74 
74 85 0 96 77 64 37 23 50 5 23 81 
65 0 96 0 1 47 87 72 3 49 83 5 
46 7 77 1 0 64 66 54 94 76 60 82 
45 66 64 47 64 0 77 49 8 13 87 99 
53 85 37 87 66 77 0 95 56 84 6 10 
1 66 23 72 54 49 95 0 14 44 45 24 
90 43 50 3 94 8 56 14 0 22 52 8 
47 52 5 49 76 13 84 44 22 0 60 48 
77 2 23 83 60 87 6 45 52 60 0 34 
35 74 81 5 82 99 10 24 8 48 34 0 
RBRRBBBBBRRR
