7
0 90 39 21 57 39 3 
90 0 28 52 81 65 37 
39 28 0 43 19 82 100 
21 52 43 0 99 36 11 
57 81 19 99 0 64 76 
39 65 82 36 64 0 12 
3 37 100 11 76 12 0 
RBBBRRB
