0 54 64 54 46 13 11 31 51 
54 0 48 44 67 15 54 94 61 
64 48 0 79 90 43 29 24 65 
54 44 79 0 59 96 20 0 12 
46 67 90 59 0 34 99 12 99 
13 15 43 96 34 0 69 6 15 
11 54 29 20 99 69 0 58 79 
31 94 24 0 12 6 58 0 95 
51 61 65 12 99 15 79 95 0 
RBRBRRRRB
