15
0 21 60 71 36 11 71 26 86 46 19 43 7 12 27 
21 0 62 44 53 99 41 80 27 8 58 45 0 56 24 
60 62 0 5 91 77 3 16 28 89 59 43 29 78 13 
71 44 5 0 85 75 77 23 98 57 46 23 70 5 58 
36 53 91 85 0 94 2 56 15 3 68 12 5 34 17 
11 99 77 75 94 0 3 6 11 58 35 26 98 5 55 
71 41 3 77 2 3 0 63 78 61 31 78 46 28 73 
26 80 16 23 56 6 63 0 37 10 29 62 96 66 85 
86 27 28 98 15 11 78 37 0 84 32 65 49 96 17 
46 8 89 57 3 58 61 10 84 0 90 53 88 76 44 
19 58 59 46 68 35 31 29 32 90 0 72 46 7 97 
43 45 43 23 12 26 78 62 65 53 72 0 32 9 18 
7 0 29 70 5 98 46 96 49 88 46 32 0 19 68 
12 56 78 5 34 5 28 66 96 76 7 9 19 0 16 
27 24 13 58 17 55 73 85 17 44 97 18 68 16 0 
BRRBBRRBRBRBBRR
