10
0 37 38 25 21 44 17 92 71 82 
37 0 81 80 17 22 69 89 71 40 
38 81 0 26 14 11 88 89 83 92 
25 80 26 0 62 54 81 55 22 74 
21 17 14 62 0 2 98 20 87 20 
44 22 11 54 2 0 90 74 85 24 
17 69 88 81 98 90 0 31 99 68 
92 89 89 55 20 74 31 0 4 58 
71 71 83 22 87 85 99 4 0 9 
82 40 92 74 20 24 68 58 9 0 
BRRBRBRRBB
