6
0 38 92 92 31 23 
38 0 71 0 95 47 
92 71 0 63 91 25 
92 0 63 0 13 55 
31 95 91 13 0 63 
23 47 25 55 63 0 
BBRRRB
