14
0 65 86 83 82 67 9 92 22 23 92 36 42 34 
65 0 36 41 60 1 90 81 36 78 46 82 44 32 
86 36 0 6 59 18 90 68 53 47 90 15 2 38 
83 41 6 0 14 46 10 76 8 74 24 25 89 18 
82 60 59 14 0 16 48 55 28 91 79 69 21 41 
67 1 18 46 16 0 60 49 9 1 4 83 62 88 
9 90 90 10 48 60 0 44 68 19 75 63 80 83 
92 81 68 76 55 49 44 0 7 42 82 26 26 37 
22 36 53 8 28 9 68 7 0 77 87 55 34 48 
23 78 47 74 91 1 19 42 77 0 15 10 17 8 
92 46 90 24 79 4 75 82 87 15 0 55 1 68 
36 82 15 25 69 83 63 26 55 10 55 0 34 1 
42 44 2 89 21 62 80 26 34 17 1 34 0 7 
34 32 38 18 41 88 83 37 48 8 68 1 7 0 
BRRRBRBRRBRBBB
