10
0 89 34 42 72 69 77 71 30 40 
89 0 69 50 66 63 78 32 82 48 
34 69 0 76 68 66 76 73 40 62 
42 50 76 0 56 50 94 35 94 86 
72 66 68 56 0 72 63 66 94 75 
69 63 66 50 72 0 90 36 99 51 
77 78 76 94 63 90 0 63 34 96 
71 32 73 35 66 36 63 0 62 74 
30 82 40 94 94 99 34 62 0 43 
40 48 62 86 75 51 96 74 43 0 
BBRBRBRRBR
