0 75 6 43 10 35 61 58 85 90 15 97 1 
75 0 83 45 17 87 19 76 24 5 26 32 86 
6 83 0 56 41 56 78 62 73 89 24 99 45 
43 45 56 0 24 45 86 73 21 58 81 55 79 
10 17 41 24 0 50 93 47 40 21 55 79 42 
35 87 56 45 50 0 61 55 37 57 73 7 4 
61 19 78 86 93 61 0 5 35 75 17 47 98 
58 76 62 73 47 55 5 0 65 41 48 16 66 
85 24 73 21 40 37 35 65 0 28 18 31 12 
90 5 89 58 21 57 75 41 28 0 60 94 30 
15 26 24 81 55 73 17 48 18 60 0 98 34 
97 32 99 55 79 7 47 16 31 94 98 0 100 
1 86 45 79 42 4 98 66 12 30 34 100 0 
RBRRRRBBRRRBB
