7
0 84 66 72 81 61 15 
84 0 66 51 33 12 33 
66 66 0 24 11 85 19 
72 51 24 0 32 79 24 
81 33 11 32 0 84 66 
61 12 85 79 84 0 4 
15 33 19 24 66 4 0 
RRRRRRR
