15
0 95 51 63 25 8 83 12 39 61 34 79 65 79 63 
95 0 88 42 68 46 57 16 10 86 65 73 1 35 5 
51 88 0 68 72 96 25 56 41 43 78 94 74 83 99 
63 42 68 0 50 75 51 90 2 95 63 71 52 15 87 
25 68 72 50 0 62 32 30 33 99 28 58 72 9 88 
8 46 96 75 62 0 50 22 60 18 66 23 81 81 98 
83 57 25 51 32 50 0 24 73 74 40 44 26 83 61 
12 16 56 90 30 22 24 0 44 49 61 78 77 25 35 
39 10 41 2 33 60 73 44 0 87 68 72 58 5 19 
61 86 43 95 99 18 74 49 87 0 73 48 44 2 81 
34 65 78 63 28 66 40 61 68 73 0 40 94 46 73 
79 73 94 71 58 23 44 78 72 48 40 0 5 73 99 
65 1 74 52 72 81 26 77 58 44 94 5 0 18 2 
79 35 83 15 9 81 83 25 5 2 46 73 18 0 11 
63 5 99 87 88 98 61 35 19 81 73 99 2 11 0 
RBBRBRRRRRBBRBR
