0 46 76 49 0 71 72 1 23 2 11 14 76 
46 0 9 65 50 45 53 74 91 1 56 59 88 
76 9 0 64 33 52 54 57 2 3 85 58 47 
49 65 64 0 2 17 28 48 54 12 99 91 22 
0 50 33 2 0 68 70 57 19 95 3 27 52 
71 45 52 17 68 0 39 13 79 78 92 63 94 
72 53 54 28 70 39 0 37 39 16 89 33 78 
1 74 57 48 57 13 37 0 40 48 3 20 64 
23 91 2 54 19 79 39 40 0 63 64 17 85 
2 1 3 12 95 78 16 48 63 0 53 7 10 
11 56 85 99 3 92 89 3 64 53 0 26 54 
14 59 58 91 27 63 33 20 17 7 26 0 28 
76 88 47 22 52 94 78 64 85 10 54 28 0 
RRBBBBRBBRBRB
