9
0 84 89 23 29 90 71 61 74 
84 0 27 35 82 90 90 29 43 
89 27 0 78 1 20 64 72 56 
23 35 78 0 67 40 26 50 83 
29 82 1 67 0 75 13 61 22 
90 90 20 40 75 0 44 73 45 
71 90 64 26 13 44 0 43 21 
61 29 72 50 61 73 43 0 33 
74 43 56 83 22 45 21 33 0 
RBRRRBRRB
