0 42 23 98 86 89 
42 0 45 11 66 28 
23 45 0 8 75 87 
98 11 8 0 55 70 
86 66 75 55 0 72 
89 28 87 70 72 0 
RRRRRR
