10
0 28 56 69 8 88 49 6 0 50 
28 0 13 22 10 92 68 51 53 21 
56 13 0 63 100 54 37 59 73 86 
69 22 63 0 71 65 21 55 32 86 
8 10 100 71 0 51 28 9 15 35 
88 92 54 65 51 0 54 84 63 36 
49 68 37 21 28 54 0 64 15 90 
6 51 59 55 9 84 64 0 20 13 
0 53 73 32 15 63 15 20 0 94 
50 21 86 86 35 36 90 13 94 0 
BBBRRRBRBR
