0 25 81 73 43 54 69 32 
25 0 16 58 50 76 4 23 
81 16 0 100 60 44 87 92 
73 58 100 0 3 26 33 87 
43 50 60 3 0 73 29 76 
54 76 44 26 73 0 61 92 
69 4 87 33 29 61 0 4 
32 23 92 87 76 92 4 0 
RBBRBBRR
