7
0 30 50 54 28 91 71 
30 0 57 66 93 24 32 
50 57 0 79 32 100 8 
54 66 79 0 66 25 9 
28 93 32 66 0 98 52 
91 24 100 25 98 0 100 
71 32 8 9 52 100 0 
BBBRBRR
