0 0 16 72 34 41 95 24 70 21 41 28 64 92 
0 0 50 1 65 41 22 40 53 92 75 11 1 25 
16 50 0 17 66 53 89 41 63 20 9 72 100 60 
72 1 17 0 1 45 38 28 8 68 45 39 14 41 
34 65 66 1 0 70 10 82 89 43 13 47 50 48 
41 41 53 45 70 0 80 71 10 47 49 41 10 77 
95 22 89 38 10 80 0 17 65 60 39 99 95 37 
24 40 41 28 82 71 17 0 45 76 61 87 33 52 
70 53 63 8 89 10 65 45 0 13 70 4 100 29 
21 92 20 68 43 47 60 76 13 0 36 95 75 57 
41 75 9 45 13 49 39 61 70 36 0 64 54 73 
28 11 72 39 47 41 99 87 4 95 64 0 73 95 
64 1 100 14 50 10 95 33 100 75 54 73 0 58 
92 25 60 41 48 77 37 52 29 57 73 95 58 0 
RRRBRRBBBBRRRB
