13
0 3 30 15 31 87 45 49 54 7 11 5 47 
3 0 86 35 48 24 19 95 97 27 6 97 35 
30 86 0 28 8 44 40 35 3 79 5 73 9 
15 35 28 0 100 7 29 10 17 89 12 81 39 
31 48 8 100 0 15 37 43 53 85 89 31 92 
87 24 44 7 15 0 55 75 42 95 15 29 72 
45 19 40 29 37 55 0 89 49 59 14 94 16 
49 95 35 10 43 75 89 0 19 64 62 60 40 
54 97 3 17 53 42 49 19 0 11 87 92 16 
7 27 79 89 85 95 59 64 11 0 38 88 20 
11 6 5 12 89 15 14 62 87 38 0 75 21 
5 97 73 81 31 29 94 60 92 88 75 0 30 
47 35 9 39 92 72 16 40 16 20 21 30 0 
RBRBBBRRRRRBB
