0 19 7 19 91 38 8 53 58 97 61 31 39 44 55 
19 0 50 5 96 82 33 90 90 56 68 26 27 37 15 
7 50 0 51 97 75 48 96 71 66 77 53 41 66 7 
19 5 51 0 47 43 63 80 36 66 57 17 80 86 84 
91 96 97 47 0 47 42 87 14 17 35 44 89 76 62 
38 82 75 43 47 0 68 27 38 97 22 84 98 19 44 
8 33 48 63 42 68 0 52 42 33 23 97 14 94 14 
53 90 96 80 87 27 52 0 19 35 15 31 33 2 11 
58 90 71 36 14 38 42 19 0 50 75 48 96 3 31 
97 56 66 66 17 97 33 35 50 0 11 8 64 17 42 
61 68 77 57 35 22 23 15 75 11 0 27 5 94 41 
31 26 53 17 44 84 97 31 48 8 27 0 82 53 19 
39 27 41 80 89 98 14 33 96 64 5 82 0 78 8 
44 37 66 86 76 19 94 2 3 17 94 53 78 0 29 
55 15 7 84 62 44 14 11 31 42 41 19 8 29 0 
RBRBRRBRRRBRRRB
