11
0 39 89 99 60 33 57 74 51 37 67 
39 0 60 95 60 16 74 75 71 12 72 
89 60 0 65 36 39 30 0 57 41 78 
99 95 65 0 27 77 64 87 19 72 27 
60 60 36 27 0 7 94 82 40 19 92 
33 16 39 77 7 0 60 84 57 94 46 
57 74 30 64 94 60 0 1 72 50 54 
74 75 0 87 82 84 1 0 84 83 75 
51 71 57 19 40 57 72 84 0 87 89 
37 12 41 72 19 94 50 83 87 0 34 
67 72 78 27 92 46 54 75 89 34 0 
RRBRBBRBRBB
