10
0 46 42 58 33 66 47 72 73 57 
46 0 57 36 96 34 33 42 60 58 
42 57 0 89 69 47 81 93 96 96 
58 36 89 0 93 39 42 99 36 58 
33 96 69 93 0 50 86 57 70 52 
66 34 47 39 50 0 84 52 39 42 
47 33 81 42 86 84 0 98 90 81 
72 42 93 99 57 52 98 0 33 83 
73 60 96 36 70 39 90 33 0 46 
57 58 96 58 52 42 81 83 46 0 
RBBBBRRRBR
