6
0 96 16 45 28 14 
96 0 50 88 66 7 
16 50 0 46 51 54 
45 88 46 0 12 89 
28 66 51 12 0 85 
14 7 54 89 85 0 
RRBBRB
