7
0 38 56 23 3 41 29 
38 0 12 54 42 20 6 
56 12 0 25 45 56 29 
23 54 25 0 23 88 94 
3 42 45 23 0 32 36 
41 20 56 88 32 0 76 
29 6 29 94 36 76 0 
BBRBRBR
