14
0 66 26 13 80 7 18 81 84 76 0 36 52 28 
66 0 1 78 22 77 33 98 3 2 5 81 4 61 
26 1 0 38 19 75 75 48 71 39 30 77 36 60 
13 78 38 0 71 99 94 1 32 84 5 50 96 72 
80 22 19 71 0 88 47 11 44 56 15 3 78 28 
7 77 75 99 88 0 78 6 56 35 57 4 18 7 
18 33 75 94 47 78 0 59 84 81 38 93 100 5 
81 98 48 1 11 6 59 0 70 17 66 45 22 40 
84 3 71 32 44 56 84 70 0 49 36 49 68 18 
76 2 39 84 56 35 81 17 49 0 84 76 25 71 
0 5 30 5 15 57 38 66 36 84 0 84 64 48 
36 81 77 50 3 4 93 45 49 76 84 0 78 70 
52 4 36 96 78 18 100 22 68 25 64 78 0 99 
28 61 60 72 28 7 5 40 18 71 48 70 99 0 
BBBBBRRBRBRRRR
