12
0 59 73 1 28 9 67 13 22 64 69 47 
59 0 34 69 21 78 69 59 75 71 22 89 
73 34 0 61 92 81 6 33 59 96 56 32 
1 69 61 0 10 41 96 4 53 66 70 7 
28 21 92 10 0 17 98 16 64 92 5 6 
9 78 81 41 17 0 97 39 51 24 33 26 
67 69 6 96 98 97 0 51 63 22 36 70 
13 59 33 4 16 39 51 0 28 14 92 39 
22 75 59 53 64 51 63 28 0 7 52 34 
64 71 96 66 92 24 22 14 7 0 63 30 
69 22 56 70 5 33 36 92 52 63 0 34 
47 89 32 7 6 26 70 39 34 30 34 0 
BRBBRBRRRBRB
