0 45 97 62 14 7 52 14 52 61 43 72 27 80 96 
45 0 5 78 42 68 53 56 78 75 44 5 85 61 86 
97 5 0 46 49 22 47 66 65 55 46 89 58 97 75 
62 78 46 0 25 10 34 62 17 75 73 56 65 10 95 
14 42 49 25 0 16 94 91 10 63 16 55 28 44 48 
7 68 22 10 16 0 34 91 17 7 25 42 76 38 95 
52 53 47 34 94 34 0 37 7 75 28 81 98 64 44 
14 56 66 62 91 91 37 0 27 19 65 6 3 61 24 
52 78 65 17 10 17 7 27 0 35 23 19 43 3 34 
61 75 55 75 63 7 75 19 35 0 65 16 97 95 15 
43 44 46 73 16 25 28 65 23 65 0 18 95 21 34 
72 5 89 56 55 42 81 6 19 16 18 0 3 96 69 
27 85 58 65 28 76 98 3 43 97 95 3 0 53 34 
80 61 97 10 44 38 64 61 3 95 21 96 53 0 22 
96 86 75 95 48 95 44 24 34 15 34 69 34 22 0 
BBBRBRBRBBBRBRB
