7
0 99 14 41 66 98 58 
99 0 4 70 44 0 51 
14 4 0 10 63 92 50 
41 70 10 0 31 35 24 
66 44 63 31 0 22 12 
98 0 92 35 22 0 69 
58 51 50 24 12 69 0 
RBRBBRB
