0 98 22 25 20 11 99 60 40 45 
98 0 4 21 41 96 77 58 27 15 
22 4 0 100 1 5 56 62 32 1 
25 21 100 0 16 5 19 24 68 19 
20 41 1 16 0 30 56 66 87 97 
11 96 5 5 30 0 5 28 7 70 
99 77 56 19 56 5 0 36 72 5 
60 58 62 24 66 28 36 0 25 21 
40 27 32 68 87 7 72 25 0 70 
45 15 1 19 97 70 5 21 70 0 
RRRRRRBRRR
