12
0 51 88 21 76 32 59 33 19 66 78 24 
51 0 32 13 84 23 18 20 33 16 95 10 
88 32 0 93 71 61 16 22 1 1 9 64 
21 13 93 0 15 87 89 45 98 82 74 78 
76 84 71 15 0 72 7 64 38 5 2 15 
32 23 61 87 72 0 73 75 12 91 63 18 
59 18 16 89 7 73 0 35 92 1 32 34 
33 20 22 45 64 75 35 0 19 62 47 36 
19 33 1 98 38 12 92 19 0 1 55 18 
66 16 1 82 5 91 1 62 1 0 3 99 
78 95 9 74 2 63 32 47 55 3 0 13 
24 10 64 78 15 18 34 36 18 99 13 0 
RRRBRBRBBRRR
