0 75 39 63 14 85 77 82 90 39 84 12 54 
75 0 57 8 1 85 50 74 59 82 4 52 23 
39 57 0 2 6 73 55 91 28 57 44 2 19 
63 8 2 0 9 18 67 6 68 9 16 10 64 
14 1 6 9 0 61 46 2 85 21 91 8 42 
85 85 73 18 61 0 50 59 92 95 12 1 18 
77 50 55 67 46 50 0 67 71 62 31 5 75 
82 74 91 6 2 59 67 0 16 53 18 67 2 
90 59 28 68 85 92 71 16 0 46 5 4 27 
39 82 57 9 21 95 62 53 46 0 38 39 56 
84 4 44 16 91 12 31 18 5 38 0 52 13 
12 52 2 10 8 1 5 67 4 39 52 0 40 
54 23 19 64 42 18 75 2 27 56 13 40 0 
RRRBBRBRBRRBB
