13
0 84 84 2 13 44 60 83 33 82 2 35 91 
84 0 89 86 23 60 22 94 71 11 52 12 93 
84 89 0 47 74 25 55 60 90 33 40 35 79 
2 86 47 0 4 98 71 51 90 95 43 68 4 
13 23 74 4 0 5 59 45 89 71 61 74 20 
44 60 25 98 5 0 67 57 18 97 50 28 4 
60 22 55 71 59 67 0 51 81 4 27 55 4 
83 94 60 51 45 57 51 0 59 51 13 20 65 
33 71 90 90 89 18 81 59 0 3 28 15 90 
82 11 33 95 71 97 4 51 3 0 32 29 16 
2 52 40 43 61 50 27 13 28 32 0 83 82 
35 12 35 68 74 28 55 20 15 29 83 0 57 
91 93 79 4 20 4 4 65 90 16 82 57 0 
RBBBRRRBBRBBR
