0 87 97 3 73 58 34 
87 0 87 42 85 68 23 
97 87 0 68 49 80 6 
3 42 68 0 60 51 80 
73 85 49 60 0 37 18 
58 68 80 51 37 0 8 
34 23 6 80 18 8 0 
RRBRBBB
