0 39 54 68 73 13 72 9 37 57 
39 0 72 98 20 41 77 10 97 36 
54 72 0 10 3 87 90 74 83 37 
68 98 10 0 63 7 13 90 97 55 
73 20 3 63 0 51 4 38 40 94 
13 41 87 7 51 0 15 74 91 15 
72 77 90 13 4 15 0 70 59 64 
9 10 74 90 38 74 70 0 19 69 
37 97 83 97 40 91 59 19 0 32 
57 36 37 55 94 15 64 69 32 0 
RBRRBBRRRR
