15
0 76 24 29 70 70 14 78 78 99 58 7 94 87 22 
76 0 19 5 81 11 89 61 54 78 81 76 79 67 20 
24 19 0 31 6 41 100 93 76 38 59 24 12 49 35 
29 5 31 0 11 94 15 15 4 89 97 78 39 9 75 
70 81 6 11 0 73 66 21 78 67 61 47 14 2 95 
70 11 41 94 73 0 4 6 17 85 22 22 65 47 3 
14 89 100 15 66 4 0 10 20 63 59 12 83 86 10 
78 61 93 15 21 6 10 0 51 6 39 15 31 74 20 
78 54 76 4 78 17 20 51 0 4 94 79 37 80 68 
99 78 38 89 67 85 63 6 4 0 75 48 41 75 72 
58 81 59 97 61 22 59 39 94 75 0 54 99 77 27 
7 76 24 78 47 22 12 15 79 48 54 0 35 16 78 
94 79 12 39 14 65 83 31 37 41 99 35 0 5 31 
87 67 49 9 2 47 86 74 80 75 77 16 5 0 7 
22 20 35 75 95 3 10 20 68 72 27 78 31 7 0 
RBRBBBBRBBBRBBB
