8
0 71 84 64 80 48 38 88 
71 0 51 29 4 53 73 30 
84 51 0 90 60 92 58 95 
64 29 90 0 91 5 18 73 
80 4 60 91 0 66 82 43 
48 53 92 5 66 0 20 3 
38 73 58 18 82 20 0 24 
88 30 95 73 43 3 24 0 
RRBRRBBB
