0 70 75 95 72 41 
70 0 77 61 59 35 
75 77 0 42 43 78 
95 61 42 0 60 46 
72 59 43 60 0 33 
41 35 78 46 33 0 
BBBBRR
