12
0 50 100 56 7 3 55 14 63 29 39 70 
50 0 99 20 32 74 52 54 49 92 77 73 
100 99 0 73 84 58 66 63 52 68 30 89 
56 20 73 0 75 45 33 2 56 96 100 77 
7 32 84 75 0 48 9 88 28 56 12 77 
3 74 58 45 48 0 70 77 73 82 10 73 
55 52 66 33 9 70 0 75 59 83 68 46 
14 54 63 2 88 77 75 0 92 36 47 21 
63 49 52 56 28 73 59 92 0 65 38 20 
29 92 68 96 56 82 83 36 65 0 16 51 
39 77 30 100 12 10 68 47 38 16 0 15 
70 73 89 77 77 73 46 21 20 51 15 0 
RRRBBBRBBBBB
