14
0 5 16 79 10 23 91 15 81 66 77 54 58 6 
5 0 74 56 82 82 52 43 72 97 69 4 20 71 
16 74 0 49 1 0 59 23 23 8 43 63 12 37 
79 56 49 0 37 62 57 38 87 77 47 64 65 27 
10 82 1 37 0 21 13 74 20 13 82 74 12 55 
23 82 0 62 21 0 41 62 51 0 17 16 73 73 
91 52 59 57 13 41 0 55 9 97 34 26 92 16 
15 43 23 38 74 62 55 0 45 18 75 43 2 17 
81 72 23 87 20 51 9 45 0 6 34 94 67 23 
66 97 8 77 13 0 97 18 6 0 37 85 38 9 
77 69 43 47 82 17 34 75 34 37 0 100 99 51 
54 4 63 64 74 16 26 43 94 85 100 0 62 40 
58 20 12 65 12 73 92 2 67 38 99 62 0 95 
6 71 37 27 55 73 16 17 23 9 51 40 95 0 
RRBRBBBRBRBBRR
