14
0 83 30 65 4 81 78 49 38 61 25 6 32 12 
83 0 26 41 50 60 50 54 39 98 8 61 18 67 
30 26 0 99 38 59 32 15 72 35 28 18 64 17 
65 41 99 0 20 100 49 29 91 98 12 9 92 74 
4 50 38 20 0 58 92 46 76 15 3 92 58 40 
81 60 59 100 58 0 39 58 74 60 64 10 47 73 
78 50 32 49 92 39 0 58 90 81 100 38 29 0 
49 54 15 29 46 58 58 0 2 87 68 48 67 60 
38 39 72 91 76 74 90 2 0 90 8 3 56 62 
61 98 35 98 15 60 81 87 90 0 65 56 23 1 
25 8 28 12 3 64 100 68 8 65 0 7 73 24 
6 61 18 9 92 10 38 48 3 56 7 0 70 76 
32 18 64 92 58 47 29 67 56 23 73 70 0 40 
12 67 17 74 40 73 0 60 62 1 24 76 40 0 
BRBRBRRRRBBBBR
