0 69 81 12 48 51 68 73 73 99 7 75 
69 0 32 25 18 56 95 8 19 7 71 16 
81 32 0 57 77 44 9 24 55 54 39 39 
12 25 57 0 51 76 99 87 40 48 1 34 
48 18 77 51 0 70 54 38 100 18 93 55 
51 56 44 76 70 0 79 42 29 61 31 26 
68 95 9 99 54 79 0 46 64 59 36 49 
73 8 24 87 38 42 46 0 86 32 13 42 
73 19 55 40 100 29 64 86 0 89 34 69 
99 7 54 48 18 61 59 32 89 0 96 92 
7 71 39 1 93 31 36 13 34 96 0 81 
75 16 39 34 55 26 49 42 69 92 81 0 
RRBRRBBRBRRR
