14
0 14 47 63 80 53 2 62 79 22 26 9 24 54 
14 0 57 99 43 27 70 100 28 91 99 75 87 99 
47 57 0 15 15 7 72 36 70 6 75 67 89 59 
63 99 15 0 72 38 11 4 61 68 28 98 49 45 
80 43 15 72 0 74 18 47 61 19 57 77 1 49 
53 27 7 38 74 0 5 77 73 93 49 84 88 71 
2 70 72 11 18 5 0 72 43 99 47 75 11 88 
62 100 36 4 47 77 72 0 47 50 88 68 23 15 
79 28 70 61 61 73 43 47 0 54 19 98 72 3 
22 91 6 68 19 93 99 50 54 0 86 6 22 21 
26 99 75 28 57 49 47 88 19 86 0 6 36 53 
9 75 67 98 77 84 75 68 98 6 6 0 84 79 
24 87 89 49 1 88 11 23 72 22 36 84 0 8 
54 99 59 45 49 71 88 15 3 21 53 79 8 0 
BBRBBBRRBRRRRB
