6
0 54 43 96 24 21 
54 0 1 72 89 98 
43 1 0 34 60 61 
96 72 34 0 3 53 
24 89 60 3 0 26 
21 98 61 53 26 0 
RRBBRB
