0 39 69 9 24 70 75 9 63 3 16 
39 0 2 18 4 87 35 43 95 88 8 
69 2 0 25 62 64 36 15 57 51 13 
9 18 25 0 47 96 93 14 1 84 18 
24 4 62 47 0 43 14 78 92 70 33 
70 87 64 96 43 0 45 28 21 22 18 
75 35 36 93 14 45 0 30 84 0 39 
9 43 15 14 78 28 30 0 80 56 88 
63 95 57 1 92 21 84 80 0 69 99 
3 88 51 84 70 22 0 56 69 0 75 
16 8 13 18 33 18 39 88 99 75 0 
RRRRBBBRBRR
