10
0 43 66 28 91 67 43 8 97 37 
43 0 5 73 77 58 47 20 37 92 
66 5 0 74 80 76 98 89 91 70 
28 73 74 0 23 40 89 67 33 77 
91 77 80 23 0 33 31 86 7 100 
67 58 76 40 33 0 87 66 20 96 
43 47 98 89 31 87 0 86 23 25 
8 20 89 67 86 66 86 0 3 24 
97 37 91 33 7 20 23 3 0 90 
37 92 70 77 100 96 25 24 90 0 
RRBBRBRBRR
