7
0 54 32 13 66 12 54 
54 0 70 24 88 76 8 
32 70 0 77 39 54 32 
13 24 77 0 87 22 58 
66 88 39 87 0 96 99 
12 76 54 22 96 0 88 
54 8 32 58 99 88 0 
RBRRRRR
