0 51 56 58 100 65 51 12 62 
51 0 47 7 23 74 45 6 31 
56 47 0 51 8 90 14 69 73 
58 7 51 0 31 12 1 84 28 
100 23 8 31 0 38 52 69 3 
65 74 90 12 38 0 12 44 53 
51 45 14 1 52 12 0 26 77 
12 6 69 84 69 44 26 0 47 
62 31 73 28 3 53 77 47 0 
RRRBRBBRR
