12
0 17 78 16 82 87 9 46 100 54 10 94 
17 0 7 87 11 100 80 50 32 6 39 87 
78 7 0 81 35 88 24 3 20 57 35 71 
16 87 81 0 9 69 23 34 6 59 69 91 
82 11 35 9 0 15 22 94 36 62 79 87 
87 100 88 69 15 0 6 43 47 42 54 97 
9 80 24 23 22 6 0 69 0 33 51 2 
46 50 3 34 94 43 69 0 47 88 40 59 
100 32 20 6 36 47 0 47 0 71 57 31 
54 6 57 59 62 42 33 88 71 0 99 8 
10 39 35 69 79 54 51 40 57 99 0 9 
94 87 71 91 87 97 2 59 31 8 9 0 
BBBBRRRRRRRB
