12
0 99 89 9 85 54 84 22 24 34 22 42 
99 0 53 24 22 62 18 27 37 12 5 14 
89 53 0 64 67 41 35 26 100 76 73 33 
9 24 64 0 53 28 17 8 64 97 78 36 
85 22 67 53 0 63 3 40 40 98 6 85 
54 62 41 28 63 0 70 37 8 17 52 59 
84 18 35 17 3 70 0 56 8 25 68 58 
22 27 26 8 40 37 56 0 7 2 21 45 
24 37 100 64 40 8 8 7 0 82 43 66 
34 12 76 97 98 17 25 2 82 0 39 63 
22 5 73 78 6 52 68 21 43 39 0 72 
42 14 33 36 85 59 58 45 66 63 72 0 
BBBBBBBRBRBB
