6
0 42 56 70 22 69 
42 0 15 100 81 78 
56 15 0 77 13 40 
70 100 77 0 73 46 
22 81 13 73 0 92 
69 78 40 46 92 0 
RBBBBR
