0 15 17 29 52 15 60 41 72 87 65 43 78 9 
15 0 0 85 18 65 84 31 23 92 66 59 51 67 
17 0 0 93 19 67 18 3 92 18 71 5 58 84 
29 85 93 0 84 75 44 59 73 23 34 67 83 97 
52 18 19 84 0 73 66 7 82 66 54 51 88 99 
15 65 67 75 73 0 22 21 95 58 63 96 11 70 
60 84 18 44 66 22 0 19 55 77 64 7 43 71 
41 31 3 59 7 21 19 0 79 77 62 53 45 61 
72 23 92 73 82 95 55 79 0 53 85 5 69 71 
87 92 18 23 66 58 77 77 53 0 33 41 44 54 
65 66 71 34 54 63 64 62 85 33 0 66 24 72 
43 59 5 67 51 96 7 53 5 41 66 0 68 100 
78 51 58 83 88 11 43 45 69 44 24 68 0 44 
9 67 84 97 99 70 71 61 71 54 72 100 44 0 
RRRRRRRRRRBRBB
