0 87 72 9 28 47 21 53 90 55 15 56 
87 0 4 75 91 19 98 84 19 48 6 18 
72 4 0 12 95 5 89 36 99 41 30 79 
9 75 12 0 47 17 62 92 28 57 83 96 
28 91 95 47 0 57 24 23 37 38 16 71 
47 19 5 17 57 0 85 73 22 95 22 44 
21 98 89 62 24 85 0 100 25 67 24 97 
53 84 36 92 23 73 100 0 86 85 53 51 
90 19 99 28 37 22 25 86 0 16 57 43 
55 48 41 57 38 95 67 85 16 0 60 71 
15 6 30 83 16 22 24 53 57 60 0 64 
56 18 79 96 71 44 97 51 43 71 64 0 
RBRBRRRBRRRB
