0 50 2 46 20 16 66 33 50 26 57 
50 0 30 29 84 39 78 98 2 16 81 
2 30 0 44 21 26 59 18 54 10 89 
46 29 44 0 0 82 89 25 46 28 61 
20 84 21 0 0 34 10 66 48 23 16 
16 39 26 82 34 0 69 20 89 63 48 
66 78 59 89 10 69 0 25 6 24 79 
33 98 18 25 66 20 25 0 82 48 57 
50 2 54 46 48 89 6 82 0 4 60 
26 16 10 28 23 63 24 48 4 0 60 
57 81 89 61 16 48 79 57 60 60 0 
BRRRRBBBRBB
