9
0 5 85 71 18 26 72 31 91 
5 0 52 45 92 61 58 85 44 
85 52 0 92 77 97 38 45 66 
71 45 92 0 18 60 51 25 83 
18 92 77 18 0 24 1 58 55 
26 61 97 60 24 0 35 89 39 
72 58 38 51 1 35 0 87 19 
31 85 45 25 58 89 87 0 45 
91 44 66 83 55 39 19 45 0 
BBRRRRRBR
