12
0 55 36 99 57 30 87 39 15 40 53 8 
55 0 82 12 27 57 100 48 10 12 9 24 
36 82 0 49 22 48 92 34 78 51 93 45 
99 12 49 0 74 64 59 33 78 56 10 90 
57 27 22 74 0 44 50 95 40 37 47 94 
30 57 48 64 44 0 21 30 13 19 18 14 
87 100 92 59 50 21 0 63 68 44 59 59 
39 48 34 33 95 30 63 0 29 61 48 11 
15 10 78 78 40 13 68 29 0 21 26 98 
40 12 51 56 37 19 44 61 21 0 32 95 
53 9 93 10 47 18 59 48 26 32 0 52 
8 24 45 90 94 14 59 11 98 95 52 0 
BRRBRBBBBRBR
