9
0 20 1 21 78 43 55 33 61 
20 0 1 58 70 51 0 60 67 
1 1 0 32 78 12 85 16 23 
21 58 32 0 6 20 96 21 72 
78 70 78 6 0 33 89 92 89 
43 51 12 20 33 0 15 27 19 
55 0 85 96 89 15 0 64 27 
33 60 16 21 92 27 64 0 5 
61 67 23 72 89 19 27 5 0 
BRBRBRRBB
