10
0 54 44 29 51 89 41 78 47 66 
54 0 96 69 100 34 49 2 72 58 
44 96 0 17 57 19 73 73 27 46 
29 69 17 0 39 67 35 16 56 77 
51 100 57 39 0 38 71 87 90 63 
89 34 19 67 38 0 57 4 74 49 
41 49 73 35 71 57 0 19 96 24 
78 2 73 16 87 4 19 0 5 86 
47 72 27 56 90 74 96 5 0 17 
66 58 46 77 63 49 24 86 17 0 
RBRBRBBRRB
