14
0 5 68 54 17 3 68 84 82 97 90 10 82 74
5 0 92 30 42 16 87 16 41 89 64 89 52 71
68 92 0 3 39 7 51 34 37 51 38 76 92 73
54 30 3 0 87 90 40 86 40 28 97 69 52 88
17 42 39 87 0 5 13 70 25 38 68 35 98 78
3 16 7 90 5 0 35 12 25 55 60 33 53 73
68 87 51 40 13 35 0 66 65 32 42 6 10 74
84 16 34 86 70 12 66 0 40 33 93 76 6 46
82 41 37 40 25 25 65 40 0 80 93 99 90 57
97 89 51 28 38 55 32 33 80 0 6 95 95 48
90 64 38 97 68 60 42 93 93 6 0 35 55 76
10 89 76 69 35 33 6 76 99 95 35 0 26 80
82 52 92 52 98 53 10 6 90 95 55 26 0 82
74 71 73 88 78 73 74 46 57 48 76 80 82 0
RBRRRBBRRBBBRB
11 10 4 3 6 1 2 8 13 12 7 5 9 14