14
0 86 50 42 92 34 75 98 53 42 73 80 75 37 
86 0 64 62 83 75 70 83 47 62 61 40 65 59 
50 64 0 58 36 73 92 74 68 88 52 49 88 51 
42 62 58 0 100 51 72 36 58 36 86 41 37 78 
92 83 36 100 0 37 89 59 55 72 45 36 71 55 
34 75 73 51 37 0 60 40 89 67 54 36 76 53 
75 70 92 72 89 60 0 82 74 50 38 45 33 72 
98 83 74 36 59 40 82 0 92 46 46 32 32 71 
53 47 68 58 55 89 74 92 0 30 85 32 32 37 
42 62 88 36 72 67 50 46 30 0 60 31 94 51 
73 61 52 86 45 54 38 46 85 60 0 35 30 77 
80 40 49 41 36 36 45 32 32 31 35 0 68 30 
75 65 88 37 71 76 33 32 32 94 30 68 0 59 
37 59 51 78 55 53 72 71 37 51 77 30 59 0 
RBRBBRRRBBRBRB
