6
0 72 17 8 11 57 
72 0 31 97 95 72 
17 31 0 3 58 38 
8 97 3 0 31 99 
11 95 58 31 0 40 
57 72 38 99 40 0 
RRRBBB
