0 60 32 12 46 94 75 
60 0 33 68 41 47 73 
32 33 0 41 78 83 30 
12 68 41 0 25 15 29 
46 41 78 25 0 76 39 
94 47 83 15 76 0 78 
75 73 30 29 39 78 0 
BRRRBRB
