14
0 12 14 36 92 47 69 26 38 22 83 43 89 44 
12 0 44 29 82 84 87 79 77 31 19 0 71 37 
14 44 0 49 75 43 37 2 92 38 46 3 18 3 
36 29 49 0 82 95 52 73 38 86 80 25 76 98 
92 82 75 82 0 36 82 35 8 11 35 63 56 27 
47 84 43 95 36 0 51 80 54 65 14 52 4 57 
69 87 37 52 82 51 0 0 67 37 22 67 83 47 
26 79 2 73 35 80 0 0 39 2 33 95 11 13 
38 77 92 38 8 54 67 39 0 3 13 16 72 75 
22 31 38 86 11 65 37 2 3 0 87 93 58 16 
83 19 46 80 35 14 22 33 13 87 0 60 26 99 
43 0 3 25 63 52 67 95 16 93 60 0 69 18 
89 71 18 76 56 4 83 11 72 58 26 69 0 99 
44 37 3 98 27 57 47 13 75 16 99 18 99 0 
RBBBBBRBBRBRRR
