7
0 72 79 83 40 86 10 
72 0 44 23 57 9 29 
79 44 0 23 82 90 17 
83 23 23 0 8 56 69 
40 57 82 8 0 62 43 
86 9 90 56 62 0 64 
10 29 17 69 43 64 0 
RRRRBRB
