0 95 5 14 1 23 12 92 94 48 28 44 29 32 
95 0 71 37 36 57 62 2 37 46 31 63 64 53 
5 71 0 49 0 3 97 69 54 69 58 82 52 4 
14 37 49 0 81 10 52 39 74 46 15 7 90 82 
1 36 0 81 0 40 10 5 38 31 87 49 33 57 
23 57 3 10 40 0 88 6 55 64 87 89 55 62 
12 62 97 52 10 88 0 42 63 12 60 24 89 59 
92 2 69 39 5 6 42 0 45 67 34 72 34 41 
94 37 54 74 38 55 63 45 0 88 12 36 4 89 
48 46 69 46 31 64 12 67 88 0 46 79 43 1 
28 31 58 15 87 87 60 34 12 46 0 55 44 91 
44 63 82 7 49 89 24 72 36 79 55 0 25 84 
29 64 52 90 33 55 89 34 4 43 44 25 0 24 
32 53 4 82 57 62 59 41 89 1 91 84 24 0 
BBRBBBRRBRBBBR
