6
0 60 3 92 60 47 
60 0 52 89 98 66 
3 52 0 32 67 86 
92 89 32 0 33 84 
60 98 67 33 0 14 
47 66 86 84 14 0 
BRRBBR
