0 56 68 66 21 45 54 100 4 16 
56 0 14 44 79 24 29 48 97 87 
68 14 0 67 71 74 2 65 79 100 
66 44 67 0 4 68 95 80 90 28 
21 79 71 4 0 82 12 84 72 28 
45 24 74 68 82 0 18 37 78 75 
54 29 2 95 12 18 0 89 84 67 
100 48 65 80 84 37 89 0 6 100 
4 97 79 90 72 78 84 6 0 88 
16 87 100 28 28 75 67 100 88 0 
BRRRRRRRRB
