14
0 79 71 83 46 71 36 49 7 76 30 93 90 61 
79 0 84 18 69 99 5 15 25 61 70 75 54 0 
71 84 0 41 98 20 43 0 51 10 2 70 45 23 
83 18 41 0 57 33 40 74 85 4 17 37 68 56 
46 69 98 57 0 92 100 42 20 56 21 31 47 64 
71 99 20 33 92 0 43 32 5 76 22 53 24 50 
36 5 43 40 100 43 0 7 17 67 31 3 50 19 
49 15 0 74 42 32 7 0 53 44 93 70 3 55 
7 25 51 85 20 5 17 53 0 37 50 44 41 36 
76 61 10 4 56 76 67 44 37 0 21 55 83 98 
30 70 2 17 21 22 31 93 50 21 0 80 52 88 
93 75 70 37 31 53 3 70 44 55 80 0 31 63 
90 54 45 68 47 24 50 3 41 83 52 31 0 58 
61 0 23 56 64 50 19 55 36 98 88 63 58 0 
BBRRRBRBBBRBRR
