0 93 50 33 6 31 65 
93 0 42 94 73 81 12 
50 42 0 40 82 11 76 
33 94 40 0 55 38 58 
6 73 82 55 0 26 45 
31 81 11 38 26 0 46 
65 12 76 58 45 46 0 
RRBRRRR
