6
0 18 56 37 0 14 
18 0 86 18 26 21 
56 86 0 78 64 78 
37 18 78 0 17 17 
0 26 64 17 0 37 
14 21 78 17 37 0 
RRRBRB
