15
0 36 35 86 18 5 74 73 49 29 69 66 25 96 19 
36 0 69 96 29 29 29 78 91 92 0 90 38 99 96 
35 69 0 50 29 4 19 65 87 54 13 85 65 45 31 
86 96 50 0 66 7 61 13 86 0 90 64 48 98 15 
18 29 29 66 0 52 40 65 29 36 73 54 51 41 2 
5 29 4 7 52 0 27 66 3 65 53 31 79 2 79 
74 29 19 61 40 27 0 11 71 20 29 34 83 85 36 
73 78 65 13 65 66 11 0 10 62 56 91 89 92 41 
49 91 87 86 29 3 71 10 0 79 25 9 90 54 15 
29 92 54 0 36 65 20 62 79 0 11 70 15 53 97 
69 0 13 90 73 53 29 56 25 11 0 45 20 92 5 
66 90 85 64 54 31 34 91 9 70 45 0 87 3 13 
25 38 65 48 51 79 83 89 90 15 20 87 0 76 35 
96 99 45 98 41 2 85 92 54 53 92 3 76 0 99 
19 96 31 15 2 79 36 41 15 97 5 13 35 99 0 
BBRRRBBRRRRRRRB
