0 61 41 32 84 57 74 45 17 95 10 48 25 45 
61 0 57 26 47 27 44 25 24 55 32 38 20 93 
41 57 0 61 5 98 12 13 46 43 63 87 52 81 
32 26 61 0 68 52 51 8 4 73 45 90 40 67 
84 47 5 68 0 65 74 24 29 26 88 58 57 12 
57 27 98 52 65 0 41 19 25 52 47 72 55 21 
74 44 12 51 74 41 0 29 84 79 3 20 38 25 
45 25 13 8 24 19 29 0 4 41 47 100 70 62 
17 24 46 4 29 25 84 4 0 57 58 99 38 91 
95 55 43 73 26 52 79 41 57 0 43 9 47 11 
10 32 63 45 88 47 3 47 58 43 0 93 4 35 
48 38 87 90 58 72 20 100 99 9 93 0 85 3 
25 20 52 40 57 55 38 70 38 47 4 85 0 61 
45 93 81 67 12 21 25 62 91 11 35 3 61 0 
RRBBRRBBRBBBRR
