7
0 8 37 71 4 17 58 
8 0 44 30 35 32 32 
37 44 0 69 29 99 2 
71 30 69 0 13 4 49 
4 35 29 13 0 10 75 
17 32 99 4 10 0 66 
58 32 2 49 75 66 0 
RRRRRRB
