0 78 6 50 99 96 86 54 63 86 78 17 4 
78 0 62 57 43 13 42 19 27 9 33 71 62 
6 62 0 77 8 29 95 29 22 77 0 45 33 
50 57 77 0 55 19 92 35 22 53 83 36 52 
99 43 8 55 0 31 33 17 5 64 83 70 94 
96 13 29 19 31 0 60 73 83 78 82 2 39 
86 42 95 92 33 60 0 56 78 98 91 64 39 
54 19 29 35 17 73 56 0 91 75 39 51 3 
63 27 22 22 5 83 78 91 0 6 42 44 0 
86 9 77 53 64 78 98 75 6 0 50 0 0 
78 33 0 83 83 82 91 39 42 50 0 28 19 
17 71 45 36 70 2 64 51 44 0 28 0 3 
4 62 33 52 94 39 39 3 0 0 19 3 0 
BRRBBRBBRBRBB
