6
0 41 40 59 36 93 
41 0 51 13 77 47 
40 51 0 78 34 1 
59 13 78 0 7 86 
36 77 34 7 0 37 
93 47 1 86 37 0 
RRBBRB
