14
0 66 41 25 62 59 18 49 58 58 99 41 84 92 
66 0 37 62 34 25 75 59 75 91 81 78 62 35 
41 37 0 69 68 4 2 30 61 46 29 74 29 13 
25 62 69 0 44 95 53 100 71 94 5 69 6 45 
62 34 68 44 0 48 86 88 66 73 29 77 5 12 
59 25 4 95 48 0 66 99 22 75 56 5 97 11 
18 75 2 53 86 66 0 66 0 24 56 65 92 99 
49 59 30 100 88 99 66 0 2 25 45 13 70 95 
58 75 61 71 66 22 0 2 0 84 74 74 73 81 
58 91 46 94 73 75 24 25 84 0 73 22 77 20 
99 81 29 5 29 56 56 45 74 73 0 40 22 44 
41 78 74 69 77 5 65 13 74 22 40 0 61 58 
84 62 29 6 5 97 92 70 73 77 22 61 0 7 
92 35 13 45 12 11 99 95 81 20 44 58 7 0 
BBRBRRBRBRRBBR
