6
0 81 58 75 6 45 
81 0 56 4 58 92 
58 56 0 87 29 9 
75 4 87 0 52 66 
6 58 29 52 0 33 
45 92 9 66 33 0 
BRRRBB
