0 85 58 73 37 52 84 73 93 28 81 39 11 
85 0 49 55 81 95 19 99 25 57 13 65 47 
58 49 0 48 9 87 83 18 99 4 78 62 76 
73 55 48 0 63 9 91 75 61 68 92 89 39 
37 81 9 63 0 71 78 15 34 64 98 96 38 
52 95 87 9 71 0 53 25 67 51 65 40 60 
84 19 83 91 78 53 0 90 58 91 33 31 6 
73 99 18 75 15 25 90 0 24 94 60 81 34 
93 25 99 61 34 67 58 24 0 71 19 90 49 
28 57 4 68 64 51 91 94 71 0 17 43 93 
81 13 78 92 98 65 33 60 19 17 0 43 93 
39 65 62 89 96 40 31 81 90 43 43 0 32 
11 47 76 39 38 60 6 34 49 93 93 32 0 
RBBBBBRBRBRBB
