10
0 75 81 54 86 58 55 45 37 100 
75 0 70 82 42 54 68 55 42 53 
81 70 0 46 85 62 61 80 76 50 
54 82 46 0 77 66 67 61 45 99 
86 42 85 77 0 61 93 98 71 77 
58 54 62 66 61 0 46 42 37 65 
55 68 61 67 93 46 0 78 40 36 
45 55 80 61 98 42 78 0 99 69 
37 42 76 45 71 37 40 99 0 95 
100 53 50 99 77 65 36 69 95 0 
RBRBBRRBBR
