16
0 80 30 77 9 41 2 91 63 45 67 8 59 51 9 37 
80 0 87 5 4 78 45 81 55 51 40 14 34 11 82 54 
30 87 0 23 52 95 48 13 83 92 56 85 56 22 59 84 
77 5 23 0 32 96 82 41 60 7 63 94 79 99 31 58 
9 4 52 32 0 18 24 84 38 68 89 36 42 52 50 20 
41 78 95 96 18 0 76 95 98 40 28 47 38 84 40 39 
2 45 48 82 24 76 0 55 50 43 29 36 28 4 29 29 
91 81 13 41 84 95 55 0 6 96 31 47 29 83 33 80 
63 55 83 60 38 98 50 6 0 20 91 61 46 60 88 58 
45 51 92 7 68 40 43 96 20 0 20 20 3 60 28 10 
67 40 56 63 89 28 29 31 91 20 0 13 66 17 44 68 
8 14 85 94 36 47 36 47 61 20 13 0 40 52 24 90 
59 34 56 79 42 38 28 29 46 3 66 40 0 82 93 84 
51 11 22 99 52 84 4 83 60 60 17 52 82 0 45 46 
9 82 59 31 50 40 29 33 88 28 44 24 93 45 0 35 
37 54 84 58 20 39 29 80 58 10 68 90 84 46 35 0 
RBBBRBBBRRRRRBRB
