8
0 6 62 78 40 64 94 56 
6 0 50 21 59 56 13 58 
62 50 0 52 53 91 95 22 
78 21 52 0 34 10 17 5 
40 59 53 34 0 38 2 80 
64 56 91 10 38 0 79 52 
94 13 95 17 2 79 0 88 
56 58 22 5 80 52 88 0 
BBBBRBBB
