0 30 9 20 97 57 29 33 21 17 1 
30 0 95 49 73 90 8 44 37 22 89 
9 95 0 13 34 12 16 0 21 43 70 
20 49 13 0 55 2 91 17 85 95 12 
97 73 34 55 0 31 21 75 65 94 97 
57 90 12 2 31 0 75 52 42 72 8 
29 8 16 91 21 75 0 83 63 35 46 
33 44 0 17 75 52 83 0 95 17 66 
21 37 21 85 65 42 63 95 0 83 4 
17 22 43 95 94 72 35 17 83 0 91 
1 89 70 12 97 8 46 66 4 91 0 
RRBRBRRBRBR
