8
0 72 100 33 70 76 86 72 
72 0 64 23 83 35 40 16 
100 64 0 68 72 91 36 89 
33 23 68 0 53 49 62 94 
70 83 72 53 0 72 70 36 
76 35 91 49 72 0 48 5 
86 40 36 62 70 48 0 82 
72 16 89 94 36 5 82 0 
BBRRBRRR
