0 80 22 69 21 52 86 89 
80 0 65 52 68 81 25 81 
22 65 0 66 70 29 82 18 
69 52 66 0 100 45 14 31 
21 68 70 100 0 83 39 51 
52 81 29 45 83 0 31 29 
86 25 82 14 39 31 0 23 
89 81 18 31 51 29 23 0 
BRBRBBBR
