11
0 76 41 32 21 69 1 11 51 25 17 
76 0 45 87 71 94 33 42 21 87 22 
41 45 0 66 63 45 25 26 21 51 52 
32 87 66 0 25 10 79 78 24 90 12 
21 71 63 25 0 11 37 4 57 52 33 
69 94 45 10 11 0 44 89 34 84 75 
1 33 25 79 37 44 0 36 43 2 55 
11 42 26 78 4 89 36 0 40 74 62 
51 21 21 24 57 34 43 40 0 52 52 
25 87 51 90 52 84 2 74 52 0 36 
17 22 52 12 33 75 55 62 52 36 0 
RBRBBBBBBRB
