0 67 94 25 32 81 30 36 
67 0 13 52 18 99 42 22 
94 13 0 61 62 6 90 85 
25 52 61 0 93 45 77 80 
32 18 62 93 0 25 70 88 
81 99 6 45 25 0 7 50 
30 42 90 77 70 7 0 100 
36 22 85 80 88 50 100 0 
RRRBBBBR
