0 38 63 52 16 38 40 12 64 
38 0 100 100 24 19 45 45 43 
63 100 0 41 69 56 9 56 49 
52 100 41 0 69 4 66 74 88 
16 24 69 69 0 86 82 86 38 
38 19 56 4 86 0 7 27 95 
40 45 9 66 82 7 0 53 62 
12 45 56 74 86 27 53 0 75 
64 43 49 88 38 95 62 75 0 
RBBRBBBRR
