9
0 22 49 57 56 33 13 13 48 
22 0 52 68 23 11 71 87 95 
49 52 0 21 75 61 34 90 50 
57 68 21 0 25 98 35 39 57 
56 23 75 25 0 37 62 32 22 
33 11 61 98 37 0 71 55 17 
13 71 34 35 62 71 0 19 33 
13 87 90 39 32 55 19 0 72 
48 95 50 57 22 17 33 72 0 
BRRRBBRBR
