0 60 5 54 47 75 85 34 0 
60 0 3 25 7 15 87 43 33 
5 3 0 95 22 70 46 8 81 
54 25 95 0 32 16 43 32 31 
47 7 22 32 0 60 22 80 43 
75 15 70 16 60 0 22 81 49 
85 87 46 43 22 22 0 70 23 
34 43 8 32 80 81 70 0 47 
0 33 81 31 43 49 23 47 0 
RRRBRBBBB
