12
0 19 30 60 67 90 6 93 26 77 6 39 
19 0 80 44 16 85 38 1 88 74 31 100 
30 80 0 8 70 57 86 65 25 36 27 84 
60 44 8 0 71 20 69 22 61 26 100 86 
67 16 70 71 0 60 56 96 78 98 90 41 
90 85 57 20 60 0 25 98 40 27 23 41 
6 38 86 69 56 25 0 1 100 17 10 32 
93 1 65 22 96 98 1 0 19 44 48 63 
26 88 25 61 78 40 100 19 0 86 49 54 
77 74 36 26 98 27 17 44 86 0 27 3 
6 31 27 100 90 23 10 48 49 27 0 70 
39 100 84 86 41 41 32 63 54 3 70 0 
RRBRRRBRRBRB
