0 89 66 88 11 63 50 3 2 35 
89 0 89 69 89 3 1 16 92 83 
66 89 0 61 11 64 49 87 81 54 
88 69 61 0 61 14 68 33 72 89 
11 89 11 61 0 90 11 92 44 30 
63 3 64 14 90 0 98 52 1 31 
50 1 49 68 11 98 0 36 53 7 
3 16 87 33 92 52 36 0 36 82 
2 92 81 72 44 1 53 36 0 83 
35 83 54 89 30 31 7 82 83 0 
BBBBBBBRRB
