15
0 4 41 45 31 32 46 72 60 82 41 97 68 77 56 
4 0 64 48 76 6 90 3 90 19 94 52 41 84 26 
41 64 0 50 64 57 85 19 41 89 71 68 0 28 83 
45 48 50 0 28 94 56 73 73 98 51 45 79 17 75 
31 76 64 28 0 8 4 78 74 94 19 64 96 64 36 
32 6 57 94 8 0 18 79 88 72 14 54 72 76 99 
46 90 85 56 4 18 0 61 93 8 91 57 3 10 36 
72 3 19 73 78 79 61 0 41 36 12 37 9 75 41 
60 90 41 73 74 88 93 41 0 80 20 33 68 69 84 
82 19 89 98 94 72 8 36 80 0 98 6 7 49 59 
41 94 71 51 19 14 91 12 20 98 0 87 7 85 12 
97 52 68 45 64 54 57 37 33 6 87 0 16 25 95 
68 41 0 79 96 72 3 9 68 7 7 16 0 62 78 
77 84 28 17 64 76 10 75 69 49 85 25 62 0 98 
56 26 83 75 36 99 36 41 84 59 12 95 78 98 0 
RBBRRRBBBRRBRBB
