0 79 75 42 11 16 26 93 77 53 33 
79 0 80 31 92 49 37 23 52 54 78 
75 80 0 56 56 86 27 75 97 78 1 
42 31 56 0 73 80 8 52 43 7 8 
11 92 56 73 0 85 8 80 68 25 76 
16 49 86 80 85 0 28 26 33 0 92 
26 37 27 8 8 28 0 88 34 23 65 
93 23 75 52 80 26 88 0 45 7 35 
77 52 97 43 68 33 34 45 0 40 95 
53 54 78 7 25 0 23 7 40 0 46 
33 78 1 8 76 92 65 35 95 46 0 
BBBBBRBRRBB
