37 19 7 9 47 1 11 22 6 18 31 13 34 15 46 3 4 43 25 21 12 27 38 10 45 50 20 49 41 42 30 32 16 40 48 8 29 44 39 36 35 23 24 17 33 14 5 28 2 26
28 4 42 15 26 22 38 20 7 46 10 27 12 39 8 33 17 29 2 48 25 43 13 41 18 50 11 32 3 37 9 45 24 31 14 35 19 44 6 30 21 40 1 36 16 34 5 49 23 47
17 43 2 34 20 48 18 37 9 49 15 39 16 45 10 33 19 1 7 29 5 30 22 42 21 50 11 46 26 47 6 28 8 36 13 31 25 32 14 41 24 35 12 38 23 44 3 40 4 27
28 18 4 32 7 34 16 21 29 30 38 40 47 37 46 39 49 3 25 15 50 36 43 11 19 9 27 41 6 2 14 33 1 24 44 12 5 35 8 31 13 17 48 45 26 22 23 20 42 10
5 8 12 22 31 35 1 24 4 17 20 14 40 15 7 43 28 21 32 6 27 11 10 29 16 13 42 19 34 30 46 26 48 38 41 23 49 47 37 36 3 44 50 25 2 39 33 18 9 45
10 11 9 2 1 13 16 14 6 5 4 15 12 8 3 7
39 26 27 22 24 13 36 3 38 29 30 14 19 12 49 41 42 8 10 9 46 32 43 18 25 33 20 23 6 48 45 47 1 16 40 28 37 5 21 15 34 7 44 35 50 2 17 11 31 4
35 30 43 31 27 44 8 32 42 25 1 21 49 23 13 15 7 33 24 19 17 26 38 11 48 40 22 45 18 41 46 3 9 36 16 34 14 50 2 47 39 20 10 28 6 12 37 4 5 29
1 29 28 27 26 25 24 23 22 21 20 19 18 17 16 15 14 13 12 11 10 9 8 7 6 5 4 3 2 30
31 34 30 35 29 42 37 44 33 48 43 49 36 39 23 26 4 15 13 1 6 16 14 11 10 5 7 2 12 3 9 8 18 17 20 19 24 22 25 21 41 28 32 27 40 38 45 47 46 50
7 6 5 3 4 1 2 8
3 2 26 42 39 22 37 10 17 49 45 38 20 6 50 43 7 14 12 21 19 13 11 33 32 23 18 27 30 48 9 47 34 46 44 28 35 8 29 25 31 16 36 5 24 40 41 1 4 15
11 40 36 22 20 8 47 17 28 37 48 4 35 46 24 18 10 41 14 34 1 12 27 19 3 38 13 26 16 33 49 21 23 29 50 15 31 5 7 42 44 39 9 45 6 32 43 2 25 30
32 41 42 5 28 46 48 26 44 25 36 2 13 21 40 43 37 38 4 16 10 20 18 45 50 14 6 17 7 12 29 27 30 49 23 47 33 39 34 3 24 15 9 1 8 35 31 22 19 11
11 37 36 4 5 15 39 2 43 34 17 7 19 1 9 38 12 32 50 6 49 31 23 30 25 28 29 24 46 45 8 3 44 27 13 20 22 10 48 21 26 16 18 47 42 41 14 40 35 33
2 4 3 34 9 28 37 44 1 21 46 26 10 43 40 48 15 7 11 27 31 47 19 14 23 45 29 32 24 16 49 6 38 36 33 8 50 25 18 20 41 13 35 17 42 39 30 5 22 12
26 38 1 25 12 16 23 6 30 19 13 34 49 28 39 43 18 8 22 5 24 47 29 3 32 15 2 36 40 31 50 9 42 4 41 7 14 37 44 35 27 10 45 17 33 20 48 21 11 46
30 29 17 18 19 20 16 15 22 21 9 10 11 12 8 7 14 13 1 2 3 4 48 47 6 5 41 42 43 44 40 39 46 45 33 34 35 36 32 31 38 37 25 26 27 28 24 23
1 6 2 5 3 4
2 16 41 24 7 36 15 10 49 37 8 18 40 47 20 23 31 6 33 12 30 1 13 29 35 26 25 42 22 32 48 28 43 11 3 5 14 34 45 27 50 39 4 44 19 46 9 38 21 17
10 12 5 40 23 2 39 7 49 30 38 15 46 16 43 36 47 17 37 48 20 27 33 6 18 29 32 25 21 28 35 42 19 34 24 8 22 31 9 14 44 1 3 26 41 45 11 13 50 4
43 4 10 16 3 42 9 44 2 12 14 29 24 15 31 25 17 32 6 34 27 20 38 18 33 35 8 37 13 11 26 28 19 36 22 40 21 41 1 39 30 7 23 5
1 2 3 4 5 6 7 8 9 10 11 12 13 14 15 16 17 18 19 20 21 22 23 24 25 26 27 28 29 30 31 32 33 34 35 36 37 38 39 40 41 42 43 44 45 46 47 48 49 50
16 3 8 11 19 9 26 24 7 1 4 17 13 14 20 18 22 21 12 6 15 2 25 5 10 23
18 2 4 9 7 16 11 5 13 12 10 14 17 3 1 20 6 8 15 19
39 27 40 1 23 36 32 47 41 31 30 45 38 33 50 20 28 10 12 46 4 11 6 13 2 21 44 9 16 22 49 29 8 42 5 14 26 34 19 35 17 48 25 18 37 15 24 3 43 7
17 23 38 42 27 43 47 5 8 13 2 20 24 11 29 1 22 39 19 50 35 30 26 18 10 46 15 44 16 4 41 34 37 21 36 6 9 48 49 28 14 25 33 31 12 7 45 32 3 40
9 27 39 24 42 23 28 13 14 35 38 21 45 43 25 34 32 30 6 41 16 49 33 2 48 47 5 18 40 20 3 11 31 10 7 8 29 50 1 4 22 12 19 37 44 46 15 26 17 36
39 6 44 16 11 34 3 2 41 13 32 35 48 50 15 27 31 45 43 14 46 9 30 22 47 8 42 23 4 36 25 17 49 12 28 33 40 19 24 37 20 21 18 1 10 29 7 5 38 26
4 3 10 20 29 33 9 13 34 1 26 18 6 24 50 17 43 32 11 16 30 47 42 7 14 22 12 40 49 48 31 39 41 35 25 8 23 28 36 46 15 21 45 37 44 19 27 38 2 5
19 5 29 37 12 3 16 7 14 9 31 21 6 10 18 20 24 27 39 17 48 28 41 22 38 15 26 42 2 40 1 4 32 43 25 44 35 8 13 50 11 34 45 49 36 30 47 23 46 33
7 6 4 1 2 3 5 8 9 10 11 38 39 40 37 36 33 34 35 27 26 25 28 29 32 31 30 43 42 41 44 45 48 47 46 22 23 24 21 20 17 18 19 14 15 16 13 12
28 23 5 44 13 34 39 25 40 9 47 20 48 6 27 22 32 42 43 10 35 12 30 26 41 16 38 49 7 36 8 31 37 19 46 50 2 15 14 3 45 33 17 11 18 24 21 1 4 29
42 40 39 37 20 3 34 25 29 49 22 14 47 18 13 16 36 31 2 17 23 11 10 28 26 7 44 4 50 30 15 45 1 41 33 6 8 48 38 5 46 24 21 35 19 9 27 32 43 12
8 22 44 27 5 17 38 14 34 15 25 6 45 20 4 29 32 41 26 35 39 11 50 7 16 21 28 48 10 31 46 19 43 40 13 47 18 33 9 23 24 42 1 30 49 37 3 2 12 36
12 16 15 10 9 13 14 43 44 48 47 42 41 45 46 22 23 24 20 21 17 18 19 11 38 39 40 36 37 33 34 35 30 29 25 26 31 32 28 27 6 5 1 2 3 4 8 7
40 18 34 25 27 19 48 20 33 37 35 29 36 43 32 22 47 23 21 44 45 17 50 41 26 31 46 39 28 16 24 30 49 42 38 2 9 4 3 5 13 1 12 6 7 8 15 11 10 14
1 2 3 6 7 4 5 10 9 8 11 12 13 16 20 14 15 17 19 18 21 22 23 26 28 29 27 25 24 30
24 22 4 29 46 41 25 23 20 28 39 27 21 5 18 50 32 30 9 14 10 43 34 38 6 13 12 35 36 37 19 7 17 31 45 42 2 1 3 48 33 26 8 49 15 16 11 47 40 44
31 30 20 35 45 49 2 5 48 34 29 9 11 4 1 3 41 33 18 19 28 25 32 37 47 46 36 7 21 50 14 42 6 24 26 10 40 39 38 17 23 43 16 15 44 27 8 13 22 12
49 6 8 45 39 42 25 34 31 32 23 24 3 14 9 10 5 26 21 38 35 44 11 28 19 22 4 2 27 46 43 50 29 30 17 20 1 12 7 16 13 18 15 36 33 40 37 48 41 47
18 22 29 37 46 20 40 35 30 33 3 21 47 34 44 15 49 32 50 7 19 23 31 17 5 27 25 39 45 10 43 8 28 1 6 26 41 13 16 48 42 4 24 9 36 11 14 38 12 2
27 10 43 17 31 32 13 46 36 2 14 44 41 11 7 3 8 35 5 40 18 49 24 47 26 12 21 39 4 23 45 6 29 20 15 42 1 33 19 30 16 28 22 37 34 25 50 48 38 9
9 4 6 3 7 10 8 5 1 2
18 13 17 42 45 50 8 39 31 34 25 27 22 29 21 28 23 26 24 30 9 2 6 48 46 5 3 10 37 33 36 7 1 4 40 16 14 44 41 43 11 20 49 47 19 12 15 35 32 38
7 20 44 8 6 15 42 16 29 41 27 26 37 40 18 14 1 11 5 43 50 32 30 31 25 35 23 46 47 38 39 45 33 19 2 10 17 22 12 9 34 13 49 3 48 24 28 21 4 36
26 25 5 34 50 28 9 18 33 32 43 22 8 6 36 44 19 40 20 39 12 37 7 31 2 3 41 23 11 38 16 14 45 10 49 29 1 47 15 27 17 13 35 48 46 30 24 42 4 21
12 13 14 15 27 11 35 25 47 41 36 7 9 46 42 2 32 6 45 49 28 31 1 30 23 40 21 37 48 50 29 22 24 4 19 38 8 3 44 26 5 10 33 43 34 20 39 16 17 18
4 2 38 32 11 12 30 44 28 14 36 46 31 29 5 16 43 47 25 7 26 42 37 39 24 15 50 49 3 27 6 20 10 34 22 23 41 35 13 33 18 9 17 48 40 1 21 45 8 19
37 35 10 15 46 14 45 16 26 41 49 32 39 40 5 7 6 34 22 25 27 23 8 28 44 12 29 11 4 13 31 36 48 30 38 24 50 33 20 19 43 1 42 17 2 21 47 3 9 18
37 48 4 21 49 36 12 29 41 34 16 28 50 43 1 23 26 8 27 10 31 46 47 3 32 45 5 7 30 40 11 39 9 22 2 14 18 17 44 33 19 13 24 38 35 6 20 42 25 15
3 35 37 7 25 10 46 27 49 30 17 31 43 44 42 18 19 14 6 33 5 45 12 9 38 1 15 23 32 2 41 22 34 24 11 26 39 21 20 48 50 4 28 36 8 40 47 29 16 13
33 44 49 45 30 10 25 39 43 21 36 4 15 50 3 29 35 46 19 11 5 31 47 2 32 48 22 6 28 37 12 17 27 34 38 13 20 24 8 42 16 1 14 26 18 41 23 7 40 9
1 7 17 16 9 21 14 3 13 20 6 18 12 2 8 4 11 15 5 22 19 10
39 40 36 37 33 34 35 43 42 41 45 44 48 47 46 22 23 24 20 21 17 18 19 30 31 32 28 29 25 26 27 14 15 16 12 13 9 10 11 38 6 5 1 2 3 4 8 7
50 41 46 26 12 5 36 44 48 30 39 3 6 31 16 49 43 40 27 37 24 20 14 28 7 35 1 9 11 47 8 42 18 23 10 13 4 25 34 22 19 38 33 17 15 32 45 29 21 2
4 3 1 2
10 1 7 6 4 3 9 5 8 2
5 4 8 7 6 1 2 3 9 10 15 14 18 17 16 11 12 13 19 20 25 24 28 27 26 21 22 23 29 30 35 34 38 37 36 31 32 33 39 40 45 44 48 47 46 41 42 43 49 50
29 18 6 12 43 40 26 8 7 37 46 24 3 28 32 34 13 15 14 27 48 4 45 30 36 20 25 22 16 10 39 11 42 38 31 47 41 35 17 23 2 33 21 44 5 19 49 1 9 50
31 3 13 21 43 8 42 15 23 35 44 6 30 7 12 25 5 2 34 26 29 14 48 37 27 16 38 39 19 50 32 10 9 18 49 1 45 46 33 36 4 17 11 20 47 40 41 24 28 22
27 43 38 14 23 2 26 41 34 10 3 16 40 36 12 11 37 50 44 20 19 7 33 31 5 17 22 46 45 39 21 15 25 47 29 28 4 9 8 32 49 48 24 1 6 30 35 42 18 13
10 28 41 40 31 21 48 27 5 9 34 15 25 37 14 6 4 26 8 24 17 18 12 30 1 20 47 29 45 35 36 39 32 38 46 50 22 3 19 2 43 23 49 7 13 16 42 44 11 33
3 1 2 4
44 30 8 19 6 48 5 49 28 45 17 12 11 36 35 46 23 21 47 14 31 4 43 20 32 40 25 38 15 10 22 33 26 1 9 42 3 50 24 13 34 39 7 37 16 18 2 41 29 27
38 39 40 41 42 43 44 45 37 36 35 34 33 32 31 30 29 28 27 1 2 3 4 5 6 7 8 9 10 11 12 13 14 15 16 17 18 19 20 21 22 23 24 25 26 50 49 48 47 46
29 33 8 37 40 10 2 39 36 38 7 12 28 5 35 32 11 3 4 15 17 25 21 19 16 6 13 23 22 9 31 18 26 34 1 24 20 30 27 14
1 3 5 2 4 6 7 9 11 8 10 12 13 15 17 14 16 18 19 21 23 20 22 24 25 27 29 26 28 30 31 33 35 32 34 36 37 39 41 38 40 42 43 45 44 46 48 47 49 50
10 45 28 47 1 38 35 25 26 37 31 32 24 13 50 33 39 46 34 4 42 6 49 18 15 9 41 22 14 21 48 5 16 27 20 2 19 3 43 30 23 17 36 8 12 7 29 44 11 40
40 48 42 1 17 44 28 29 24 25 37 10 32 49 15 7 35 22 31 34 9 14 19 30 23 43 47 11 13 46 18 2 39 21 38 45 12 33 8 50 16 26 5 20 4 3 41 6 27 36
9 3 10 7 2 5 8 1 6 4
19 20 16 15 14 13 17 1 4 3 2 9 5 50 6 7 8 12 11 10 18 25 21 22 23 24 28 27 26 33 29 30 31 32 36 35 34 41 37 38 39 40 44 43 42 49 45 46 47 48
5 50 29 46 14 47 37 25 30 15 21 18 7 13 43 31 36 17 24 38 28 40 3 6 34 23 9 33 4 20 10 8 41 42 19 39 22 35 48 44 1 26 2 27 49 11 12 32 16 45
5 1 2 3 4 8 7 6 19 18 17 21 20 24 23 22 27 26 25 29 28 32 31 30 35 34 33 37 36 40 39 38 46 11 10 9 13 12 16 15 14 43 42 41 45 44 48 47
10 13 18 2 11 12 15 8 14 16 17 7 5 6 1 3 4 9
13 18 21 5 11 28 1 2 14 8 27 25 19 16 6 12 20 7 4 17 23 15 22 24 9 3 26 10
10 7 33 34 27 6 18 1 15 3 22 31 28 38 25 36 4 26 5 32 23 2 24 39 9 17 16 12 29 13 37 8 35 40 19 30 11 21 14 20
33 16 14 20 8 39 47 3 26 42 44 4 5 13 22 48 40 17 43 49 37 23 31 21 32 35 9 18 15 27 41 50 29 34 1 25 2 45 19 36 10 24 12 11 46 7 30 38 6 28
13 47 9 40 29 16 48 25 45 1 37 8 15 41 4 44 21 11 49 7 39 19 22 12 50 32 43 42 26 27 17 30 5 35 34 10 3 46 38 14 33 24 36 31 18 6 2 20 28 23
30 45 18 29 2 9 12 16 37 46 23 35 43 6 27 4 5 26 1 10 14 19 42 49 50 11 20 34 28 41 47 39 8 15 32 48 33 25 36 40 7 24 17 31 22 44 3 13 38 21
7 8 24 47 44 26 9 13 21 39 38 46 10 15 2 31 32 40 5 16 25 29 48 28 11 3 12 45 43 30 1 17 18 35 34 37 14 20 6 49 27 33 19 4 22 50 41 23 42 36
11 10 14 33 44 9 24 49 1 30 50 19 37 3 38 18 48 41 7 4 40 6 39 31 5 21 43 25 29 23 22 35 13 12 28 2 15 46 36 47 8 42 26 20 27 16 17 45 34 32
41 39 33 44 29 40 17 26 48 9 37 35 38 6 28 15 47 25 32 42 31 23 1 4 20 46 45 3 27 30 10 24 21 43 50 49 11 12 16 13 22 2 8 5 34 7 18 14 36 19
36 34 19 25 41 31 35 18 7 30 43 10 22 13 50 2 14 37 45 4 3 32 33 28 1 16 24 49 12 46 26 23 48 5 15 27 42 21 29 17 44 6 9 8 39 38 47 11 40 20
31 2 8 6 3 19 13 44 41 43 21 24 18 48 50 49 10 42 12 26 33 38 39 47 30 16 27 36 5 9 46 40 34 17 32 25 29 35 20 14 23 22 45 11 7 28 37 1 4 15
30 1 8 21 24 28 23 13 26 18 20 17 29 2 11 14 16 19 27 10 7 6 9 22 15 4 5 25 12 3
1 49 43 42 41 46 47 48 44 45 40 39 33 32 31 36 37 38 34 35 30 29 23 22 21 26 27 28 24 25 20 19 13 12 11 16 17 18 14 15 10 9 3 2 50 6 7 8 4 5
11 24 34 45 32 8 37 2 41 19 48 4 31 1 23 50 43 40 18 10 3 38 17 42 22 27 14 35 49 47 30 16 44 33 25 21 6 26 13 20 39 12 9 46 36 7 29 15 5 28
2 5 6 1 3 4
3 35 49 25 45 23 8 12 14 34 36 18 50 5 10 9 27 38 6 43 15 26 28 46 13 33 48 19 47 42 39 2 22 32 30 29 44 1 11 24 31 17 40 16 4 37 7 20 41 21
34 44 43 42 22 6 13 32 45 9 30 24 18 27 15 17 46 29 1 3 38 50 25 40 35 16 48 47 21 31 2 39 19 14 8 23 49 36 20 10 12 37 7 4 26 33 41 11 5 28
14 21 24 12 32 4 23 27 22 7 25 13 11 15 10 31 29 5 9 8 28 30 20 19 6 3 2 16 18 26 1 17
31 42 40 45 15 34 50 25 13 37 48 44 30 39 49 47 14 9 36 16 29 46 18 6 38 1 19 27 41 11 4 35 12 8 26 32 5 17 43 22 20 21 2 7 24 33 3 23 10 28
6 8 7 4 5 1 2 3
14 21 24 22 28 38 36 48 32 39 1 20 40 4 33 27 35 25 49 18 7 6 15 11 26 5 13 41 17 44 31 10 3 37 23 2 47 8 50 34 30 45 42 46 16 19 9 12 29 43
13 26 40 45 21 49 27 12 31 18 9 48 41 15 20 30 6 11 25 42 22 23 34 47 36 3 39 1 37 4 19 10 33 14 16 29 2 35 44 5 7 32 24 46 8 43 17 50 38 28
29 31 21 40 24 28 12 42 19 8 41 49 9 45 1 13 47 22 7 11 33 3 17 38 37 46 16 32 30 44 5 48 2 26 14 10 43 15 35 18 6 25 39 20 4 23 34 50 27 36
6 39 34 44 41 32 33 43 29 5 14 30 4 22 16 35 38 10 40 27 46 2 24 3 25 1 23 15 36 18 20 31 37 11 8 45 9 50 21 13 7 17 12 49 47 28 26 19 42 48
1 2 3 16 15 6 7 8 9 11 10 5 4 12 13 14
1 6 5 8 3 4 7 2 10 9
1 6 5 4 3 2 8 7
9 10 5 1 2 7 3 4 6 8
26 32 18 36 33 11 31 40 15 47 37 35 43 22 29 13 44 17 48 4 9 21 8 14 5 19 2 45 24 46 28 10 25 3 39 12 42 27 16 20 34 41 23 1 7 6 38 30
4 36 9 40 2 37 1 24 3 49 43 26 13 11 33 21 20 8 32 44 35 15 39 34 18 45 5 16 7 41 42 28 19 17 48 31 25 30 27 6 50 10 14 38 12 23 46 22 47 29
50 49 47 44 45 48 46 43 40 39 42 41 38 36 37 35 32 34 31 33 30 27 29 28 25 26 24 22 21 23 20 19 16 14 17 18 15 12 13 11 10 9 7 4 1 2 5 3 6 8
1 47 8 17 35 2 4 39 30 15 6 26 21 20 12 7 19 13 11 45 48 40 42 9 44 43 41 49 50 25 16 24 36 33 46 3 22 32 28 27 34 5 10 23 37 14 18 31 38 29
23 49 10 19 11 21 36 34 9 40 31 24 17 3 48 14 28 45 16 12 22 43 13 42 44 18 27 35 47 46 7 41 5 8 26 39 2 38 1 30 37 29 4 6 32 25 33 15 20 50
3 34 5 17 49 40 25 15 10 13 29 44 37 47 50 26 30 12 28 39 35 4 9 31 33 46 32 42 7 45 22 14 11 18 23 48 6 20 19 41 38 8 21 27 43 24 16 36 1 2
5 10 2 22 19 13 7 3 8 17 18 20 9 1 21 15 12 4 11 6 14 16
22 25 28 23 29 26 24 27 21 1 6 4 5 7 3 2 9 8 10 30 11 13 15 16 17 12 19 14 18 20 45 41 47 42 44 48 43 50 49 46 32 36 39 31 38 40 33 37 34 35
3 2 6 1 5 4
23 24 21 20 17 18 19 14 15 16 13 12 9 10 11 22 6 7 8 5 4 1 2 3
8 9 2 4 20 1 10 6 18 17 26 25 32 41 42 29 23 24 21 22 19 36 30 33 13 35 34 31 45 43 46 38 40 27 39 37 50 49 44 48 47 16 28 14 12 7 3 15 5 11
22 6 2 1 25 26 50 46 33 28 36 30 44 37 43 38 47 29 27 34 40 39 49 42 32 48 45 20 4 7 17 23 8 10 21 15 12 24 9 11 3 19 13 5 16 14 18 35 31 41
23 45 50 9 42 26 19 48 2 30 13 21 38 31 14 37 40 15 22 25 35 44 7 33 8 46 17 39 24 12 28 20 47 18 16 11 32 10 29 1 5 3 49 4 34 27 6 43 36 41
6 36 22 26 35 34 2 28 1 25 44 30 47 8 41 12 45 13 17 39 10 15 32 3 19 27 31 7 14 23 49 16 20 48 24 18 43 5 29 21 46 4 38 37 42 50 11 40 33 9
10 17 11 1 9 8 5 18 14 15 13 19 20 12 3 4 2 16 7 6
34 13 41 38 40 23 44 37 7 8 33 24 1 2 6 31 21 48 28 29 5 26 27 35 14 18 47 22 17 45 3 42 43 32 39 25 10 30 36 46 19 11 20 9 4 12 16 15
16 1 4 25 39 3 33 12 40 24 26 14 15 22 19 21 28 35 8 37 29 9 31 50 42 45 32 2 36 17 23 5 41 6 44 48 34 47 30 20 46 13 49 18 11 27 7 38 43 10
1 38 9 26 40 43 22 20 33 19 2 44 23 10 46 6 3 17 39 14 42 49 15 34 11 29 36 18 16 30 32 37 28 45 25 50 4 31 5 48 47 21 35 24 7 27 13 41 12 8
23 34 16 11 28 3 37 19 4 15 50 27 14 41 39 46 36 33 30 32 7 20 22 9 17 48 40 2 38 44 10 13 8 1 47 43 25 45 18 29 5 49 35 31 21 42 26 24 12 6
36 7 9 35 10 24 39 28 23 40 6 38 31 8 27 14 20 37 15 2 11 17 19 34 30 33 1 13 32 4 5 25 18 21 16 12 26 22 29 3
29 10 5 3 40 4 50 24 43 14 17 2 9 47 46 12 33 48 13 45 15 37 34 26 49 6 16 11 31 1 21 42 44 23 27 39 35 38 19 7 28 36 30 25 32 8 22 18 20 41
45 10 25 31 36 1 29 34 35 16 15 32 24 37 8 42 50 17 43 33 4 19 14 44 5 11 7 9 3 20 21 2 39 18 49 6 26 41 30 48 13 40 47 46 27 28 12 22 23 38
32 41 42 5 28 46 48 26 44 25 36 2 13 21 40 43 37 38 4 16 10 20 18 45 50 14 6 17 7 12 29 27 30 49 23 47 33 39 34 3 24 15 9 1 8 35 31 22 19 11
6 26 20 35 5 7 2 22 44 23 33 9 40 30 32 37 3 1 10 34 36 13 11 19 16 4 42 17 47 39 18 8 48 25 29 49 38 28 14 15 45 43 12 24 41 27 21 46 50 31
14 3 39 11 4 47 10 22 21 40 2 17 43 23 46 5 16 32 7 42 31 36 41 6 48 50 34 9 20 35 28 24 18 49 27 29 33 13 19 30 25 44 45 37 12 1 8 38 26 15
1 8 7 6 2 3 4 5 13 37 36 35 34 38 39 40 33 25 32 31 30 26 27 28 29 17 24 23 22 18 19 20 21 41 48 47 46 42 43 44 45 9 16 15 14 10 11 12
9 11 34 21 24 16 41 30 5 3 45 48 44 1 20 4 37 23 50 43 22 6 10 29 7 28 32 18 42 31 39 2 38 47 25 46 15 36 14 12 13 40 8 27 17 49 19 35 33 26
6 23 31 24 15 47 26 7 50 34 19 28 46 3 41 44 33 13 5 21 32 20 12 27 10 14 22 43 36 2 4 48 38 16 40 45 1 9 30 11 42 17 37 49 18 29 39 35 8 25
14 12 19 5 11 26 38 44 31 21 48 47 34 32 43 36 27 9 35 41 18 37 40 45 33 17 42 16 8 50 6 24 20 39 7 23 3 30 1 10 29 49 22 25 46 2 28 13 15 4
17 24 18 42 3 13 7 23 22 37 44 43 48 49 6 2 19 35 9 40 4 29 34 39 46 28 14 36 33 47 30 25 32 38 50 21 10 8 20 1 5 41 31 26 11 15 45 16 12 27
44 19 45 24 28 8 5 6 42 50 7 20 30 25 16 46 2 36 17 39 13 40 12 32 18 48 27 11 10 14 4 9 47 29 3 35 43 26 22 15 41 38 21 37 1 31 49 23 34 33
16 20 15 4 6 5 13 18 19 10 7 3 17 12 14 9 11 8 1 2
7 8 9 48 49 50 1 2 3 41 40 39 10 11 12 29 24 25 26 27 28 6 5 4 38 37 36 13 14 15 42 43 44 19 20 47 46 45 23 22 21 33 34 35 16 17 18 32 31 30
50 44 33 7 6 22 28 27 26 25 24 23 38 45 40 5 4 3 42 1 2 48 49 10 9 8 32 31 30 15 36 37 29 19 20 21 35 34 16 17 18 43 39 14 41 47 46 13 12 11
20 50 41 16 29 32 46 25 43 37 27 12 14 6 28 19 23 47 49 39 10 5 2 42 1 40 31 15 7 9 35 3 24 30 38 11 44 26 4 17 13 34 18 33 22 21 36 48 45 8
18 13 46 39 15 4 14 24 27 6 11 45 16 32 28 43 31 25 5 36 42 17 40 3 8 35 49 47 33 41 12 44 22 50 10 7 23 21 30 48 37 34 1 9 38 20 2 26 19 29
39 33 13 3 23 47 35 38 14 9 12 36 30 6 5 17 50 37 27 1 8 32 45 48 24 15 20 44 31 46 22 4 28 29 40 16 7 25 41 43 42 18 21 10 34 49 26 2 11 19
34 33 40 39 6 28 50 3 22 37 5 38 41 35 25 1 7 36 29 45 47 2 4 46 19 12 8 23 9 27 20 18 31 21 44 30 17 16 32 26 48 15 10 42 14 43 24 11 49 13
45 9 19 3 46 37 20 11 34 1 4 44 36 49 16 27 43 14 28 6 18 22 21 39 2 42 38 12 41 48 17 7 32 23 50 25 26 35 15 31 8 40 33 5 30 24 47 10 13 29
49 20 26 1 3 44 32 16 45 50 25 30 5 27 42 17 29 33 12 9 34 19 2 35 11 28 7 6 31 18 48 36 15 47 4 14 8 46 21 37 23 24 41 13 38 39 43 10 22 40
38 32 31 33 36 34 40 37 39 35 48 46 42 47 45 49 50 41 43 44 17 14 20 18 11 15 19 16 12 13 30 8 10 3 7 6 5 9 1 2 4 21 29 26 24 28 25 27 23 22
35 20 29 22 9 6 44 14 30 33 40 25 50 37 31 2 24 38 43 11 28 45 18 7 46 21 23 41 49 26 10 16 5 36 13 17 15 8 42 19 34 47 39 27 3 48 32 1 4 12
33 12 22 19 32 6 36 30 15 29 50 1 24 23 7 45 8 48 26 41 28 18 3 9 38 31 43 40 49 46 13 39 2 5 25 20 17 35 16 14 34 4 44 21 10 47 37 27 11 42
15 6 13 1 11 14 8 10 5 12 2 4 3 16 7 9
26 48 15 33 41 29 18 24 4 44 50 38 36 6 20 12 47 13 1 5 31 34 19 28 11 39 7 22 9 37 43 3 14 45 40 30 32 42 10 17 2 46 35 8 49 16 21 25 27 23
7 3 48 36 8 40 15 19 17 35 10 47 5 2 23 41 4 22 25 50 31 43 21 18 9 16 6 11 30 38 37 26 24 13 32 29 20 49 33 42 1 12 45 44 28 14 46 27 39 34
20 49 22 13 28 6 9 30 41 16 4 29 8 31 1 14 27 43 48 38 21 35 24 25 32 50 3 12 33 34 17 15 47 36 37 2 18 23 19 10 7 26 11 5 40 44 39 46 42 45
17 18 7 26 38 37 16 8 14 40 23 24 4 28 31 11 12 20 35 29 33 1 36 21 27 3 15 13 25 22 32 5 9 2 39 30 34 6 19 10
5 16 1 12 21 47 23 42 9 31 41 46 50 13 20 19 39 3 44 11 24 48 15 6 17 36 2 18 38 28 8 25 49 7 14 29 43 32 35 37 22 10 34 33 40 45 4 30 26 27
19 10 46 17 40 47 12 31 27 1 25 32 29 44 3 9 30 8 11 24 43 37 42 16 14 38 13 20 15 26 36 21 50 39 23 28 4 6 34 49 33 5 35 41 2 45 22 48 7 18
50 1 2 49 3 48 4 47 5 46 6 45 7 44 8 43 9 42 10 41 11 40 12 39 13 38 14 37 15 36 16 35 17 34 18 33 19 32 20 21 22 23 24 25 26 27 28 29 30 31
29 1 4 10 27 42 17 24 33 40 47 11 2 26 38 30 19 35 7 39 41 25 14 34 6 12 48 36 50 49 5 23 31 37 46 13 16 21 3 22 8 43 15 9 32 20 45 28 18 44
14 30 26 37 23 49 8 41 27 21 19 36 39 31 20 2 11 38 22 15 47 16 7 18 44 42 1 28 6 40 13 46 12 45 34 24 17 4 50 10 25 43 48 32 5 9 3 29 33 35
11 10 5 8 4 3 12 1 7 9 2 6
44 40 48 49 45 8 3 35 6 46 24 5 11 25 14 43 31 28 16 37 13 38 20 4 42 21 23 36 9 33 39 22 34 50 1 32 30 2 47 18 29 12 41 27 7 15 17 26 19 10
9 4 2 29 24 34 36 25 19 35 1 20 3 27 45 14 48 6 10 43 8 16 41 46 22 39 23 28 33 44 47 17 21 11 38 12 42 30 32 49 13 15 18 5 50 37 31 7 26 40
42 48 15 35 4 16 41 31 10 7 28 14 29 30 1 19 44 47 18 39 9 46 25 2 37 32 38 26 5 17 49 13 8 36 23 21 45 27 12 40 6 33 20 24 50 43 22 11 34 3
5 18 24 20 17 7 2 12 9 21 19 1 10 6 23 3 4 11 15 13 8 16 14 22
15 26 30 11 34 38 16 42 48 2 39 41 22 1 5 47 20 37 14 29 35 4 40 18 31 19 7 23 25 28 21 33 45 13 43 6 36 44 9 24 8 17 10 32 27 46 3 12
44 43 48 45 46 47 1 2 6 3 4 5 8 7 12 9 10 11 14 13 18 15 16 17 20 19 24 21 22 23 26 25 30 27 28 29 32 31 36 33 34 35 38 37 42 39 40 41
26 23 12 3 39 50 44 34 41 13 24 25 49 31 6 35 15 27 11 2 38 28 37 45 40 19 17 48 16 30 32 1 14 29 9 5 4 47 18 46 33 8 7 22 21 20 10 42 36 43
35 33 21 39 8 26 28 11 47 24 6 14 36 31 18 37 10 7 3 34 38 29 23 43 32 22 12 48 41 1 13 44 25 17 5 9 2 4 45 30 42 49 19 16 40 15 27 46 50 20
1 2 3 4 5 6 7 8 9 10 11 12 13 14 15 16 17 18 19 20 21 22 23 24 25 26 27 28 29 30 31 32 33 34 35 36 37 38 39 40 41 42 43 44 45 46 47 48 49 50
23 16 25 11 7 14 3 12 24 22 2 18 26 8 13 10 17 6 9 15 5 20 1 19 4 21
21 12 5 50 36 33 22 20 4 34 29 42 24 1 13 45 30 37 9 3 2 26 38 28 19 25 15 49 41 35 16 11 10 27 31 32 23 14 18 39 47 44 8 48 40 7 6 17 43 46
37 33 38 5 3 44 41 43 18 36 31 34 6 2 10 49 50 14 11 19 40 16 13 15 47 48 7 4 45 42 46 20 12 17 35 32 39 8 1 9 28 21 29 23 27 25 24 26 22 30
7 34 44 29 20 2 18 37 31 6 47 38 32 33 5 14 39 23 42 16 15 22 36 24 35 41 28 1 10 30 26 11 21 48 49 3 12 17 19 50 8 45 9 43 40 46 13 27 4 25
47 26 25 28 45 37 20 27 50 32 3 31 16 34 15 30 48 8 44 46 7 2 18 41 11 42 23 4 38 35 10 40 9 24 5 17 36 14 13 39 49 29 6 22 1 21 19 12 43 33
35 4 47 44 33 40 25 39 11 23 49 28 12 26 18 45 42 34 36 13 16 27 7 9 3 1 17 10 41 5 20 48 21 22 6 8 29 37 50 2 14 15 38 32 43 31 46 30 24 19
1 21 35 17 23 30 6 16 34 47 24 3 12 40 25 50 27 48 41 9 42 39 29 10 4 19 5 2 36 37 43 18 33 46 45 44 31 20 32 14 7 13 11 49 38 8 15 26 22 28
10 47 39 27 37 32 20 9 31 46 3 19 2 16 34 41 38 36 21 40 22 45 24 4 14 48 8 5 25 12 15 43 42 35 49 1 44 7 28 26 23 18 30 29 13 50 11 6 17 33
10 11 34 46 19 16 5 28 44 7 23 47 49 37 17 8 40 2 22 36 9 32 12 35 29 26 18 43 15 6 25 14 21 33 45 38 39 31 30 20 27 41 1 13 3 4 50 42 48 24
6 39 40 31 9 49 4 50 34 11 10 37 38 18 17 21 27 48 13 28 20 8 36 45 23 25 42 12 3 46 14 26 2 47 43 19 15 5 33 41 1 7 24 35 22 30 16 44 29 32
3 5 1 4 6 2
23 13 6 20 7 21 29 2 9 16 27 11 12 15 28 10 5 30 24 17 22 14 18 3 25 1 8 26 4 19
29 36 39 16 35 18 37 27 28 10 20 5 44 38 21 13 33 1 14 22 42 26 30 50 12 4 41 45 46 9 8 34 7 40 2 11 43 6 19 47 48 15 17 25 24 3 23 31 32 49
21 31 46 23 38 9 12 14 19 4 2 25 43 44 28 29 42 30 27 26 41 35 34 45 39 48 1 8 5 7 6 40 3 36 50 49 33 20 11 18 15 32 47 24 37 17 10 13 22 16
29 4 28 9 30 3 31 5 24 14 20 1 19 13 34 8 22 11 33 7 32 16 18 17 15 25 12 27 6 21 10 26 2 23
4 10 7 12 1 11 9 6 8 2 5 3
7 9 10 16 15 17 20 19 21 1 46 45 43 44 38 39 41 42 48 47 18 24 23 22 28 27 29 30 36 35 37 40 34 33 31 32 26 25 14 13 11 12 6 5 8 2 3 4
50 1 2 3 4 5 6 7 8 9 10 11 12 13 14 15 16 17 18 19 20 21 22 23 24 25 26 27 28 29 30 31 32 33 34 35 36 37 38 39 40 41 42 43 44 45 46 47 48 49
15 41 32 17 39 29 35 18 1 11 42 33 44 47 26 45 19 31 14 16 27 48 6 23 49 20 3 28 2 46 36 40 38 25 7 13 21 22 50 4 34 8 9 24 30 12 43 10 37 5
2 9 4 3 16 1 14 17 13 8 5 7 10 15 20 19 12 6 18 11
49 29 43 2 37 12 32 6 1 26 35 39 18 42 4 34 21 31 10 22 13 30 27 46 44 11 25 47 8 9 38 5 33 36 15 17 23 16 19 41 50 45 14 28 48 24 7 3 40 20
11 44 34 12 30 5 43 37 35 18 45 24 13 15 28 2 20 49 29 33 6 9 7 47 41 21 10 16 25 17 31 32 8 23 1 22 46 19 3 38 4 48 40 39 50 26 36 14 42 27
49 35 48 25 9 36 41 33 4 11 20 39 30 2 13 7 31 32 6 50 22 8 44 3 26 14 10 38 27 18 15 16 43 21 45 1 19 47 17 12 42 29 28 34 40 24 37 23 46 5
26 44 14 20 35 9 50 38 41 43 25 15 24 37 29 1 28 22 4 45 7 42 8 10 48 13 49 17 27 34 36 16 12 18 2 46 39 11 47 31 23 21 30 33 6 19 3 5 32 40
16 46 43 11 15 20 24 38 14 32 8 23 41 2 31 17 3 42 19 10 9 26 33 13 28 27 12 39 1 18 35 22 21 36 29 6 34 40 30 45 4 44 37 7 5 25
25 31 4 19 24 12 35 32 41 1 22 7 27 30 5 6 9 18 13 14 16 26 3 23 34 29 38 10 11 40 2 28 17 39 21 37 8 33 36 20 42 15
1 2 35 9 10 42 41 11 3 4 48 45 7 8 50 49 24 28 27 25 26 20 32 47 18 17 36 16 15 37 38 14 13 39 40 12 5 6 23 29 30 22 43 44 46 19 33 34 31 21
39 12 18 34 7 10 49 46 48 13 22 33 38 21 41 2 23 47 50 42 44 31 43 3 32 8 45 15 28 25 19 30 26 9 29 11 17 24 20 4 37 16 1 5 35 27 14 40 36 6
1 2 3 4 5 6 7 8 9 10 11 12 13 14 15 16 17 18 19 20 21 22 23 24 25 26 27 28 29 30 31 32 33 34 35 36 37 38 39 40 41 42 43 44 45 46 47 48 50 49
1 2 3 4 5 6 7 24 11 46 44 38 30 13 45 12 50 17 33 8 41 27 49 31 15 9 35 37 42 26 36 34 25 14 48 21 22 20 39 29 40 32 16 10 18 47 19 23 43 28
49 37 32 11 10 45 35 31 41 48 44 12 1 2 50 30 9 16 18 8 17 21 22 27 26 28 43 33 46 23 25 13 47 14 7 15 34 36 38 24 5 19 40 3 4 6 20 42 29 39
35 8 40 50 42 2 9 38 19 29 7 32 11 23 21 48 28 46 49 27 13 6 5 15 41 34 18 26 30 12 45 31 33 44 17 1 3 10 47 22 24 16 25 37 36 4 20 39 43 14
6 4 5 1 2 3
7 30 10 49 48 28 34 2 36 42 20 43 3 35 1 23 31 15 46 11 21 47 33 4 41 40 17 22 37 14 29 27 24 50 44 12 18 5 13 9 8 39 45 6 32 16 19 26 38 25
17 18 2 27 6 13 3 21 11 44 35 19 37 47 5 40 7 30 45 38 1 12 28 42 34 8 29 50 26 4 10 25 16 46 32 48 36 39 41 20 22 23 9 31 24 14 15 49 33 43
36 46 1 35 10 11 44 8 3 13 33 28 18 32 6 37 15 21 7 20 25 34 2 39 26 42 48 24 17 29 30 40 49 38 12 4 31 47 14 43 45 41 9 27 19 16 5 50 22 23
12 35 31 8 18 28 29 19 10 26 44 46 6 17 24 37 42 34 36 30 13 22 15 20 5 27 11 21 9 23 47 3 2 38 32 48 33 16 39 41 50 1 43 25 14 49 40 4 45 7
25 35 38 16 10 3 46 2 7 42 31 33 19 11 36 12 48 15 32 4 27 23 43 20 39 5 34 1 8 44 14 17 24 41 47 28 26 29 49 22 40 21 13 37 45 6 18 9 30 50
9 3 8 1 2 4 12 10 5 6 7 11
9 25 32 31 21 42 47 2 33 14 4 40 48 20 38 30 29 26 7 8 12 22 1 46 5 43 35 24 50 3 13 23 44 6 11 49 28 10 27 19 15 45 36 39 18 41 37 17 34 16
10 33 9 34 12 35 48 28 16 31 22 15 29 39 11 36 43 45 23 17 46 19 30 40 41 44 3 24 42 1 4 14 7 5 50 2 38 8 6 49 13 37 26 25 27 47 32 18 21 20
33 40 26 9 22 16 37 27 34 2 10 8 38 42 28 7 19 21 50 35 43 4 12 20 31 29 39 3 15 14 49 47 36 5 11 1 44 45 30 24 6 13 41 17 25 23 46 32 48 18
20 21 45 22 19 49 18 41 33 31 37 39 40 38 12 8 6 43 42 23 10 28 27 34 2 47 17 29 15 3 13 11 46 4 5 35 30 44 48 9 25 7 36 14 26 24 16 50 1 32
19 42 34 3 37 36 18 41 49 32 50 31 47 27 23 6 17 7 11 10 39 22 43 48 45 8 14 38 44 12 24 30 29 40 28 1 13 21 5 4 15 9 16 35 25 33 20 46 26 2
38 36 28 16 31 18 29 20 33 27 37 32 6 22 43 17 9 50 25 14 40 8 5 49 24 45 39 21 19 12 2 47 42 4 15 7 26 44 46 41 35 3 23 10 34 11 48 1 13 30
14 9 17 4 37 39 41 40 43 18 42 12 35 10 29 28 2 11 30 8 46 26 13 50 3 22 6 38 48 32 44 1 21 19 33 36 25 23 7 47 5 49 31 45 24 20 27 34 16 15
21 47 37 40 15 44 3 38 50 48 28 39 26 34 22 31 7 42 14 24 1 5 4 43 41 8 25 30 49 27 45 19 16 10 13 36 6 11 18 32 9 33 20 2 46 29 23 35 17 12
4 2 12 6 10 11 9 5 3 8 7 14 1 13
20 11 2 18 10 5 6 14 1 13 17 8 16 9 7 4 3 19 15 12
2 15 16 13 8 6 14 5 7 12 4 1 3 9 10 11
1 17 22 36 35 7 33 19 27 13 26 9 28 30 23 11 21 10 20 6 25 31 34 3 32 15 14 37 24 5 16 39 40 8 12 18 29 4 38 2
20 47 23 41 32 40 37 45 22 27 50 7 4 12 35 14 13 46 30 31 38 9 24 3 25 48 6 21 44 8 28 16 49 36 43 19 39 11 42 1 18 10 5 34 33 26 15 17 29 2
13 31 2 48 1 27 47 20 30 11 44 40 3 23 12 24 8 25 32 29 34 38 33 35 37 4 49 6 26 17 43 36 16 19 10 18 50 21 22 7 15 46 28 9 42 39 14 41 5 45
1 2 3 4 5 6 7 8 9 10 11 12 13 14 15 16 17 18 19 20 21 22 23 24 25 26 27 28 29 30 31 32 33 34 35 36 37 38 39 40 41 42 43 44 45 46 47 48
1 2 3 4 5 6 7 8 9 10 11 12 13 14 15 16 17 18 19 20 21 22 23 24 25 26 27 28 29 30 31 32 33 34 35 36 37 38 39 40 41 42 43 44 45 46 47 48 49 50
50 45 44 43 46 49 48 47 42 41 36 35 34 8 39 40 38 33 32 31 1 29 28 27 26 25 24 23 22 21 20 19 18 13 12 11 15 17 16 14 10 9 4 3 2 5 37 7 6 30
43 31 24 18 3 32 1 21 35 17 50 4 13 40 42 28 12 47 14 37 46 2 8 22 44 15 45 6 27 38 36 7 16 30 25 23 11 49 39 10 20 41 48 5 26 34 9 29 19 33
10 18 41 38 40 28 30 23 29 8 11 12 13 4 44 21 45 3 22 33 15 35 26 17 7 6 32 20 43 14 2 5 34 48 46 47 39 37 25 42 9 19 24 16 1 27 31 36
16 50 41 40 33 6 15 45 5 28 42 48 36 37 43 24 47 23 30 21 49 14 2 13 20 44 29 39 11 25 8 7 34 9 18 27 1 19 17 10 35 26 46 31 3 4 32 12 38 22
16 20 21 19 33 24 48 29 26 40 6 27 25 34 7 3 2 8 28 23 42 1 12 10 9 36 14 22 15 46 44 49 18 37 17 38 50 30 13 5 31 47 35 39 43 45 41 4 32 11
12 22 9 14 46 27 33 40 36 42 32 29 41 19 35 18 1 6 44 43 49 11 37 31 45 24 50 38 47 7 39 10 34 48 2 16 20 23 4 17 28 5 15 30 21 13 3 8 25 26
43 27 38 46 2 44 29 20 28 37 26 10 40 45 25 22 11 8 41 12 16 32 50 21 17 30 7 33 47 18 3 9 39 42 14 24 36 5 35 13 6 19 23 15 4 48 31 34 49 1
6 34 5 20 21 47 13 41 8 1 3 7 33 36 46 35 45 19 24 38 37 12 4 18 22 26 50 23 11 9 32 43 49 29 48 27 40 16 42 28 30 14 10 39 25 44 31 2 15 17
5 3 6 4 1 2
11 9 34 22 12 37 28 18 30 46 26 14 3 33 41 38 27 15 47 24 4 16 44 31 5 19 1 6 39 23 10 7 42 32 17 20 48 50 40 29 2 36 43 21 8 25 49 35 45 13
9 1 5 3 2 10 12 11 6 8 4 7
9 6 7 8 14 13 12 11 10 5 4 1 2 3 23 24 20 19 18 22 21 17 16 15
25 36 15 14 24 42 47 18 26 40 34 20 6 23 7 28 2 29 19 30 27 8 43 3 38 41 45 1 33 31 16 37 11 44 10 49 32 48 4 21 22 9 13 46 39 17 12 5 50 35
44 39 7 4 20 27 23 18 24 25 49 10 19 15 43 35 28 31 8 30 41 13 9 48 36 6 26 38 2 22 45 33 47 5 17 46 16 12 40 11 34 32 14 37 29 50 3 42 1 21
30 43 3 15 17 16 14 21 4 35 38 7 40 26 9 48 11 49 44 10 19 46 37 47 20 8 50 23 2 39 12 34 42 27 31 33 1 6 32 41 36 22 29 45 24 5 18 13 25 28
38 47 48 1 22 4 34 8 28 3 6 32 21 26 27 2 31 44 41 19 29 16 39 10 12 37 5 50 18 7 23 35 49 45 43 9 20 17 30 24 33 36 40 46 11 13 15 25 14 42
5 1 2 3 4 8 7 6 38 39 40 36 37 33 34 35 27 26 25 29 28 32 31 30 43 42 41 45 44 48 47 46 22 23 24 20 21 17 18 19 14 11 10 9 13 12 16 15
41 38 13 24 9 46 12 18 1 6 31 22 11 21 17 32 10 8 19 37 14 50 33 3 49 28 43 2 16 47 39 42 4 44 29 30 40 35 26 25 5 20 45 36 27 7 15 48 34 23
1 15 44 16 36 45 43 7 27 26 31 4 14 37 33 11 49 34 46 10 25 20 29 21 12 6 47 3 32 48 35 9 39 2 13 42 19 8 41 24 40 17 5 50 23 22 18 38 28 30
4 7 1 5 3 6 8 2
31 5 46 6 35 41 45 3 13 36 33 10 27 43 25 24 37 40 30 14 44 4 18 12 8 21 34 9 22 49 29 20 32 26 7 23 1 2 15 38 11 42 50 39 28 16 19 17 47 48
6 13 3 14 5 12 9 11 1 2 8 7 10 4
6 17 20 36 13 39 46 4 35 5 33 21 11 50 23 3 1 2 8 18 16 7 12 25 26 45 24 28 30 15 29 38 32 10 40 14 27 9 19 31 34 41 44 48 42 43 37 22 47 49
1 2 4 3 6 5 7 8
1 2 3 7 8 9 13 14 15 18 17 16 12 11 10 6 5 4 48 47 46 42 41 40 36 35 34 30 29 28 24 23 22 19 20 21 25 26 27 31 32 33 37 38 39 43 44 45
1 16 25 45 46 49 2 27 20 29 13 47 43 23 30 5 34 44 15 40 26 10 42 37 24 21 22 48 11 50 19 32 41 14 6 39 36 4 31 8 3 33 38 35 17 18 12 7 28 9
2 23 3 4 17 9 18 20 10 11 16 5 22 24 15 26 6 8 13 19 1 14 12 21 7 25
3 13 11 5 4 6 10 2 16 8 15 1 12 14 9 7
39 40 36 37 33 34 35 43 42 41 45 44 48 47 46 22 23 24 20 21 17 18 19 30 31 32 28 29 25 26 27 14 15 16 12 13 9 10 11 38 6 5 1 2 3 4 8 7
46 37 28 38 42 33 3 35 29 47 10 39 11 25 7 2 22 6 26 15 19 17 12 18 48 34 43 21 23 8 31 16 45 40 1 13 14 30 27 9 44 41 36 20 32 24 4 5
13 10 21 31 33 11 22 29 46 24 17 41 32 35 8 20 45 26 50 15 23 6 39 48 34 9 4 7 28 36 30 1 2 27 38 42 16 14 3 37 47 49 12 25 19 44 40 43 5 18
35 14 16 22 37 33 17 25 41 19 30 45 50 47 49 23 11 27 26 42 1 20 40 43 3 24 6 48 7 21 12 28 9 15 34 39 10 18 13 2 29 5 38 8 31 4 46 32 44 36
47 45 28 26 25 27 30 32 31 29 36 34 33 35 38 40 39 37 20 18 17 19 22 24 23 21 12 10 9 11 14 16 15 13 44 42 41 43 46 48 50 49 1 2 4 6 3 5 7 8
1 21 23 41 48 32 13 31 46 39 11 6 26 18 44 38 33 10 8 40 7 22 43 30 27 25 3 50 5 42 15 17 34 16 37 49 24 35 36 4 2 29 9 28 47 14 12 20 45 19
46 8 19 28 30 49 17 26 29 42 38 12 45 41 1 10 36 7 35 44 31 40 43 32 15 20 21 23 47 22 5 6 14 3 25 2 13 48 16 9 33 4 39 50 27 11 34 37 24 18
48 20 35 43 8 16 29 2 4 40 7 28 33 22 13 5 26 11 10 41 21 30 34 32 9 23 45 49 3 6 46 15 18 14 38 42 39 25 24 19 47 17 31 37 1 27 50 44 12 36
10 2 4 1 3 6 9 5 7 8
12 39 37 4 49 14 23 3 40 25 7 8 20 38 43 36 16 42 5 34 46 9 26 50 44 33 24 2 47 35 22 29 11 30 18 45 21 6 41 10 17 48 31 27 32 15 28 19 1 13
21 23 22 24 1 20 19 14 15 17 16 18 13 8 9 11 10 12 7 2 3 5 4 6
50 1 17 32 47 15 35 48 45 40 16 25 9 38 37 43 2 30 27 7 26 24 13 22 18 14 23 42 10 5 41 4 29 20 6 44 49 34 11 19 39 36 31 21 46 28 3 33 12 8
42 16 17 32 18 45 20 24 44 7 43 11 14 26 3 19 9 27 1 22 10 23 36 30 12 6 34 31 38 13 4 47 28 40 48 15 41 25 8 5 37 46 33 39 35 21 29 2
13 4 11 18 14 20 21 12 3 10 2 22 8 7 5 17 9 6 19 1 16 15
23 9 32 36 1 22 29 49 28 40 4 35 7 31 5 8 19 46 21 43 39 3 20 30 42 14 15 24 18 34 44 16 11 37 50 2 17 6 33 10 13 12 48 45 25 27 26 38 47 41
1 2 3 25 24 29 28 26 27 30 23 22 21 20 13 12 11 10 9 8 7 6 5 4 19 18 14 15 17 16
2 8 10 15 16 49 17 25 50 37 9 11 38 4 43 42 44 24 1 19 5 20 45 12 26 21 27 35 34 46 41 39 29 40 18 28 31 7 14 48 13 22 6 36 3 30 32 23 47 33
39 47 35 42 37 43 41 40 46 36 38 45 48 34 44 33 50 1 12 2 16 13 6 4 14 8 9 11 5 10 3 15 7 17 28 18 32 29 22 20 30 24 25 27 21 26 19 31 23 49
49 31 48 2 32 43 16 12 29 42 24 14 34 27 28 38 4 44 21 22 23 5 39 13 10 20 9 40 3 46 6 15 37 35 47 33 25 41 1 17 26 19 11 50 18 8 45 7 30 36
48 11 2 7 31 36 38 45 24 23 25 42 4 34 29 9 41 37 8 12 26 16 43 30 19 21 1 6 28 14 46 3 50 5 10 18 39 40 47 27 15 32 13 33 22 17 44 20 35 49
1 2 3 4 5 6 7 12 11 10 9 8 14 15 16 17 18 19 20 21 22 23 24 25 26 27 28 29 30 31 32 33 34 35 36 37 38 39 40 13
21 37 50 24 5 41 48 30 18 6 27 15 28 8 14 39 20 34 23 7 13 45 31 4 38 49 10 9 47 17 25 46 40 1 22 44 33 11 2 29 32 42 19 26 3 16 12 35 36 43
10 12 45 2 27 21 43 13 15 37 17 11 19 7 4 26 18 36 38 42 9 28 41 49 48 29 24 8 25 47 1 3 30 22 50 32 31 44 35 34 5 23 40 39 14 16 33 20 46 6
43 1 3 2 4 6 5 7 9 8 10 12 11 13 15 14 16 18 17 19 21 20 22 24 23 25 27 26 28 30 29 31 33 32 34 36 35 37 39 38 40 42 41 45 44 46 48 47 49 50
5 1 2 3 4 8 7 6 22 23 24 20 21 17 18 19 11 14 15 16 12 13 9 10
26 19 32 3 23 47 16 9 46 33 8 22 36 31 13 38 10 11 39 24 14 7 29 17 37 49 42 6 4 5 45 44 21 15 41 50 1 40 2 35 18 12 28 34 27 25 43 48 30 20
37 48 13 24 44 17 15 26 19 25 42 45 41 3 11 47 22 18 14 30 27 39 9 16 34 43 1 12 35 49 21 7 31 46 32 40 36 50 2 5 6 28 23 29 20 4 33 38 10 8
7 1 4 2 8 3 9 5 10 6
1 2 17 39 48 31 14 21 13 40 36 41 6 7 3 50 46 37 4 18 20 33 29 38 8 10 22 32 34 30 19 23 11 47 45 26 15 12 25 35 44 43 5 24 28 49 16 9 42 27
4 5 1 2 3 35 34 33 37 36 40 39 38 19 18 17 21 20 24 23 22 30 31 32 28 29 25 26 27 46 47 48 44 45 41 42 43 6 7 8 9 13 14 15 16 12 11 10
41 42 43 11 10 9 8 40 39 7 6 5 4 36 37 38 30 29 28 27 26 25 24 23 22 21 20 19 18 17 16 15 14 13 12 44 45 1 2 3 35 34 33 32 31 46 47 48
6 2 4 7 1 5 8 3
6 15 7 11 23 45 34 48 22 10 37 39 26 35 32 30 36 49 3 25 42 38 31 27 8 5 43 46 20 41 24 21 18 17 44 19 28 16 40 50 13 33 1 14 4 9 29 47 12 2
27 28 29 30 31 32 33 34 35 36 37 38 39 40 41 42 43 44 45 46 47 48 26 25 24 23 22 21 20 19 18 17 16 15 14 13 12 11 10 9 8 7 6 5 4 3 1 2
3 39 26 7 42 5 15 43 47 6 25 35 48 17 45 30 2 18 50 41 36 46 34 12 32 1 4 13 23 40 31 37 33 20 21 16 49 8 24 38 19 44 28 27 29 14 22 11 9 10
6 1 4 3 2 5
45 21 42 24 44 38 39 23 27 40 30 1 19 18 10 36 33 5 7 29 2 16 14 31 4 12 22 25 17 46 34 6 11 41 32 26 3 28 20 15 9 8 37 13 35 43
1 2 3 4 5 6 7 8 9 10 11 12 13 14 15 16 17 18 19 20 21 22 23 24 25 26 27 28 29 30 31 32 33 34 35 36 37 38 39 40 41 42 43 44 45 46 47 48
25 23 2 47 41 36 5 50 9 7 17 48 49 12 39 34 40 18 38 28 6 27 32 13 20 22 37 26 15 29 8 4 21 42 11 46 3 14 31 1 10 45 35 24 44 16 19 33 43 30
24 21 49 40 37 39 48 46 8 4 31 32 47 45 30 38 41 17 29 9 6 42 18 3 25 1 7 19 2 13 50 16 11 33 15 44 34 26 28 5 36 22 27 35 14 10 12 43 20 23
36 15 34 27 17 35 40 30 6 45 41 43 44 10 23 9 16 47 33 26 32 13 29 49 8 18 1 3 4 14 25 39 19 5 12 48 42 50 46 37 22 38 11 24 2 28 31 21 7 20
1 4 2 3
10 12 26 17 8 11 21 2 5 23 25 24 15 1 4 19 16 7 3 6 14 13 18 9 22 20
42 12 48 17 29 39 9 7 27 21 1 13 6 34 14 20 43 38 50 45 10 19 32 25 49 24 35 22 44 41 30 15 47 23 2 33 18 8 37 16 11 3 46 36 28 4 5 31 40 26
35 37 40 22 49 19 38 41 48 12 26 4 24 14 10 45 29 13 23 2 17 36 28 47 15 42 16 20 18 25 50 32 30 46 34 31 39 11 44 21 9 43 33 7 5 3 27 8 1 6
35 26 37 14 28 2 43 6 13 42 11 46 1 22 50 16 21 49 18 8 44 40 29 5 36 41 47 9 4 27 48 24 38 31 15 23 34 7 10 39 45 19 3 32 20 25 33 12 30 17
11 26 1 24 13 20 33 40 15 46 23 8 43 37 21 6 36 42 30 22 19 12 5 14 9 3 18 48 44 32 50 27 49 17 34 47 10 4 2 38 35 45 25 29 31 28 39 7 41 16
15 42 25 39 6 34 16 9 44 46 23 28 36 12 31 29 21 17 4 38 47 45 50 35 1 20 11 22 8 30 27 40 43 37 7 26 41 3 13 48 18 19 49 24 14 5 10 2 32 33
41 34 42 18 30 29 32 24 26 2 16 15 27 7 23 9 38 31 49 5 3 11 40 17 46 48 43 14 1 21 36 35 47 22 44 33 39 4 19 13 28 20 25 6 45 50 37 10 12 8
39 40 36 37 33 34 35 22 23 24 20 21 17 18 19 14 15 16 12 13 9 10 11 46 47 48 44 45 41 42 43 30 31 32 28 29 25 26 27 38 6 7 8 4 5 1 2 3
3 16 8 11 19 9 26 24 7 1 4 17 13 14 20 18 22 21 12 6 15 2 25 5 10 23
1 2 3 5 6 7 4 8 11 9 10 13 14 15 12 16 19 17 18 21 22 23 20 24 27 25 26 29 30 31 28 32 35 33 34 37 38 39 36 40 43 41 45 46 47 44 42 48
18 11 4 12 15 10 14 17 16 1 8 7 6 5 3 9 2 13
3 48 2 41 16 23 13 21 43 25 35 30 32 45 11 47 17 29 20 1 8 12 42 26 18 44 33 4 34 38 40 7 15 46 6 19 28 37 31 14 49 22 24 9 5 27 50 10 36 39
2 3 9 1 8 7 16 11 30 18 22 19 28 12 29 23 32 31 35 34 40 37 41 39 44 24 26 15 25 45 47 46 50 49 48 36 43 27 38 20 21 17 33 14 42 10 4 13 5 6
6 5 4 46 47 48 1 2 3 45 44 43 7 8 9 39 38 37 13 14 15 33 32 31 19 20 21 27 26 25 24 23 22 28 29 30 18 17 16 34 35 36 12 11 10 40 41 42
45 9 8 39 37 34 17 6 14 21 26 46 24 44 33 43 13 32 41 23 42 29 47 27 20 10 7 49 1 31 15 5 4 38 50 2 16 35 3 28 36 18 12 25 22 48 30 11 40 19
24 44 31 46 3 45 43 40 39 28 27 20 30 47 10 16 2 12 23 25 26 36 21 7 5 48 29 19 49 38 41 50 13 32 42 8 37 34 9 18 15 17 14 4 11 22 6 35 33 1
3 4 2 6 1 5
17 37 9 34 8 50 28 18 15 44 12 31 46 29 4 33 32 5 30 36 20 19 41 27 26 25 22 45 13 11 14 35 24 16 38 42 10 3 39 47 6 43 1 21 2 48 49 23 7 40
2 4 5 8 1 3 6 7
45 44 43 42 41 40 39 38 37 36 35 34 33 32 31 30 29 28 27 26 25 24 23 22 21 20 19 18 17 16 15 14 13 12 11 10 9 8 7 6 5 4 3 49 48 47 46 1 2 50
24 23 5 22 10 9 36 6 4 33 13 17 2 27 29 26 18 1 12 21 35 20 11 15 8 32 16 19 3 28 34 7 30 25 14 31
2 16 17 11 12 5 46 34 44 1 33 15 32 41 48 37 3 29 36 14 20 45 8 19 42 9 28 27 31 7 38 4 25 24 30 35 6 18 43 22 21 39 47 23 10 13 40 26
42 11 9 13 28 44 2 4 17 30 5 29 48 47 35 10 39 50 43 46 14 20 27 31 22 32 25 26 3 19 38 15 24 23 33 6 41 18 21 16 45 12 37 8 1 7 40 49 34 36
15 14 13 7 8 9 10 11 12 6 5 4 18 17 16 1 2 3
40 9 1 6 41 12 20 3 44 23 21 46 8 24 49 42 16 43 30 33 2 5 18 36 10 17 11 38 7 50 29 13 14 15 39 19 37 34 45 35 22 31 28 27 26 32 47 48 4 25
33 5 44 46 27 49 3 20 4 29 24 48 28 22 32 17 43 10 19 41 35 26 40 11 12 39 18 42 16 31 21 34 1 6 14 30 8 47 25 13 38 9 45 50 2 37 23 15 36 7
48 31 43 23 37 17 26 20 35 21 11 14 44 36 5 30 15 40 47 38 2 13 50 7 19 39 3 9 16 27 41 45 24 6 29 12 33 10 32 46 49 1 28 8 25 42 4 22 34 18
30 23 45 1 33 4 28 20 18 39 38 2 31 34 43 41 16 32 8 25 13 6 46 37 14 40 29 35 42 36 24 44 10 19 7 17 9 5 21 11 12 3 15 27 22 26
43 37 11 10 24 38 34 32 9 21 19 39 3 41 31 2 23 33 7 4 22 13 30 46 44 14 36 1 26 40 25 15 28 12 18 17 8 6 20 29 45 16 42 35 5 27
31 7 26 2 37 36 5 4 47 43 40 21 13 16 29 45 22 24 15 35 1 30 11 32 34 18 14 23 28 33 6 41 50 48 25 9 3 20 44 19 8 12 17 38 10 27 46 49 42 39
22 40 13 1 7 6 19 37 47 36 38 50 3 33 41 9 29 35 17 21 23 43 39 24 5 10 45 48 8 32 26 14 11 30 34 25 15 4 2 12 46 31 27 16 20 18 28 49 44 42
23 6 15 2 25 5 10 16 3 8 11 19 9 26 24 7 1 4 17 13 14 20 18 22 21 12
25 18 5 2 4 6 29 20 28 17 22 23 10 21 15 13 26 24 1 16 9 12 7 19 30 8 27 11 14 3
5 6 4 14 15 13 23 24 22 32 33 31 42 40 41 43 44 34 36 35 25 27 26 16 18 17 7 9 8 38 37 39 28 30 29 19 21 20 10 11 12 1 3 2
23 48 49 13 45 39 17 25 24 41 28 4 15 44 3 31 26 22 35 12 32 36 8 29 34 1 21 7 33 38 30 11 50 14 42 10 37 20 6 9 2 43 40 5 18 46 16 19 47 27
22 9 40 30 1 8 45 16 43 46 28 34 48 14 10 13 33 3 44 29 41 42 5 39 18 7 36 4 31 35 32 12 23 24 19 17 37 21 25 49 6 11 26 38 20 27 47 50 15 2
22 5 12 49 6 4 47 43 27 45 29 7 20 14 28 33 30 41 44 8 37 46 36 2 24 16 50 3 38 31 26 9 19 13 21 35 1 15 25 10 18 34 32 48 40 39 17 11 23 42
22 39 21 36 44 45 20 26 29 10 12 32 37 16 9 41 42 2 4 48 49 33 7 18 15 28 50 35 40 25 46 6 5 30 11 27 31 8 34 24 1 19 43 3 38 14 23 47 13 17
6 5 23 3 1 2 7 8 9 10 11 12 13 14 15 16 17 18 19 20 21 22 4 24 25 26 27 28 29 30 31 32 33 34 35 36 37 38 39 40 41 42 43 44 45 46 47 48 49 50
28 33 35 42 17 45 31 6 48 7 29 26 4 16 47 8 24 10 18 22 15 21 38 13 34 9 12 41 43 3 39 11 2 46 36 30 27 50 5 19 49 14 20 32 23 37 44 1 25 40
27 9 15 33 40 10 41 28 5 37 42 34 16 1 7 23 21 24 29 18 11 8 38 2 13 26 25 31 46 14 36 32 20 35 4 44 30 43 3 19 47 12 22 6 39 17 45 48
1 8 7 6 2 3 4 5 13 12 11 10 14 15 16 9 25 32 31 30 26 27 28 29 45 37 36 35 34 38 39 40 33 17 24 23 22 18 19 20 21 41 48 47 46 42 43 44
7 11 14 22 27 6 21 19 4 17 13 9 18 23 20 12 28 1 26 2 31 16 32 29 10 24 3 15 25 30 5 8
6 9 13 32 46 41 16 2 20 37 50 33 19 4 12 28 44 35 10 5 11 34 43 31 14 8 15 26 22 3 17 40 48 29 24 7 18 38 42 36 25 30 49 39 23 1 21 27 45 47
16 1 13 11 7 12 8 10 3 5 14 6 15 9 2 4
12 16 19 6 26 23 13 4 24 8 20 5 11 7 25 1 22 9 15 18 3 14 10 2 21 17
