8
0 63 8 93 34 90 86 29 
63 0 68 6 57 44 94 44 
8 68 0 65 15 81 8 97 
93 6 65 0 16 6 87 65 
34 57 15 16 0 10 42 70 
90 44 81 6 10 0 38 78 
86 94 8 87 42 38 0 94 
29 44 97 65 70 78 94 0 
BRBRRBBR
