8
0 17 6 76 79 83 16 39 
17 0 70 77 100 40 40 57 
6 70 0 64 75 40 48 28 
76 77 64 0 32 25 56 17 
79 100 75 32 0 64 22 8 
83 40 40 25 64 0 3 68 
16 40 48 56 22 3 0 65 
39 57 28 17 8 68 65 0 
RBRRBRBB
