30
0 41 43 4 33 60 56 83 31 19 66 83 97 37 12 18 21 5 3 43 65 26 29 44 24 65 19 85 85 10 
41 0 2 55 52 82 93 55 72 7 75 9 61 64 64 70 52 83 50 20 21 18 18 9 60 82 40 79 97 49 
43 2 0 5 58 34 23 91 10 73 24 56 90 58 80 4 20 34 68 63 86 66 25 17 65 72 31 24 4 63 
4 55 5 0 96 63 29 88 100 91 38 59 55 27 78 38 26 36 87 97 80 40 4 29 97 20 75 66 42 56 
33 52 58 96 0 3 87 93 57 71 14 57 41 84 58 86 31 89 56 93 13 29 0 28 3 34 14 56 94 1 
60 82 34 63 3 0 49 98 7 15 67 84 88 27 94 69 21 59 12 72 38 19 1 54 63 75 35 36 32 54 
56 93 23 29 87 49 0 67 33 1 80 64 90 37 35 85 32 62 18 36 76 64 84 22 72 40 58 23 76 60 
83 55 91 88 93 98 67 0 97 37 25 50 65 7 31 49 68 17 32 51 22 9 33 2 42 61 35 94 98 57 
31 72 10 100 57 7 33 97 0 85 7 36 58 47 81 86 34 6 92 64 47 83 37 31 62 88 12 21 6 82 
19 7 73 91 71 15 1 37 85 0 1 56 69 99 52 77 31 53 53 96 92 82 0 17 53 29 31 3 54 0 
66 75 24 38 14 67 80 25 7 1 0 97 6 62 76 12 42 71 86 8 15 51 34 67 33 9 24 20 80 37 
83 9 56 59 57 84 64 50 36 56 97 0 8 25 7 8 84 8 45 29 7 16 78 41 31 59 28 4 12 50 
97 61 90 55 41 88 90 65 58 69 6 8 0 14 19 7 92 11 84 79 33 23 57 99 45 45 81 6 2 70 
37 64 58 27 84 27 37 7 47 99 62 25 14 0 99 30 35 13 28 80 86 35 64 61 33 92 4 21 0 0 
12 64 80 78 58 94 35 31 81 52 76 7 19 99 0 87 32 93 66 58 42 18 66 13 64 39 85 8 22 86 
18 70 4 38 86 69 85 49 86 77 12 8 7 30 87 0 11 31 39 33 93 58 63 83 86 61 0 4 75 42 
21 52 20 26 31 21 32 68 34 31 42 84 92 35 32 11 0 80 59 85 58 31 83 0 0 33 71 40 81 26 
5 83 34 36 89 59 62 17 6 53 71 8 11 13 93 31 80 0 98 61 59 69 73 82 38 20 15 54 22 52 
3 50 68 87 56 12 18 32 92 53 86 45 84 28 66 39 59 98 0 55 96 94 43 79 94 49 94 15 7 46 
43 20 63 97 93 72 36 51 64 96 8 29 79 80 58 33 85 61 55 0 77 56 89 25 6 80 47 11 37 12 
65 21 86 80 13 38 76 22 47 92 15 7 33 86 42 93 58 59 96 77 0 91 77 26 49 33 50 51 31 97 
26 18 66 40 29 19 64 9 83 82 51 16 23 35 18 58 31 69 94 56 91 0 32 39 96 89 25 66 21 60 
29 18 25 4 0 1 84 33 37 0 34 78 57 64 66 63 83 73 43 89 77 32 0 24 53 59 64 56 83 98 
44 9 17 29 28 54 22 2 31 17 67 41 99 61 13 83 0 82 79 25 26 39 24 0 40 38 73 33 60 48 
24 60 65 97 3 63 72 42 62 53 33 31 45 33 64 86 0 38 94 6 49 96 53 40 0 44 73 56 30 27 
65 82 72 20 34 75 40 61 88 29 9 59 45 92 39 61 33 20 49 80 33 89 59 38 44 0 96 69 68 1 
19 40 31 75 14 35 58 35 12 31 24 28 81 4 85 0 71 15 94 47 50 25 64 73 73 96 0 18 51 16 
85 79 24 66 56 36 23 94 21 3 20 4 6 21 8 4 40 54 15 11 51 66 56 33 56 69 18 0 31 96 
85 97 4 42 94 32 76 98 6 54 80 12 2 0 22 75 81 22 7 37 31 21 83 60 30 68 51 31 0 87 
10 49 63 56 1 54 60 57 82 0 37 50 70 0 86 42 26 52 46 12 97 60 98 48 27 1 16 96 87 0 
RRRBBRBRRBBBBBBBRBRBBBRBRRRRRR
