24
0 9 1 31 98 18 98 88 77 63 62 48 82 88 95 73 26 27 2 33 35 92 26 46 
9 0 9 51 54 42 9 21 85 73 61 19 94 16 75 31 59 39 5 90 33 31 58 50 
1 9 0 54 81 2 22 62 19 64 56 25 38 61 28 61 17 96 45 19 26 30 8 85 
31 51 54 0 1 98 56 35 0 69 23 54 40 36 67 58 22 96 11 38 20 53 16 82 
98 54 81 1 0 8 96 88 75 64 72 13 87 50 69 36 46 11 88 7 13 36 51 11 
18 42 2 98 8 0 12 75 95 2 17 39 7 13 44 66 41 26 89 13 88 60 99 32 
98 9 22 56 96 12 0 75 76 83 94 60 0 22 88 52 67 72 21 79 3 11 5 58 
88 21 62 35 88 75 75 0 24 17 35 75 20 62 85 70 29 21 16 43 24 93 53 85 
77 85 19 0 75 95 76 24 0 74 81 40 68 89 11 7 60 83 11 70 33 58 71 28 
63 73 64 69 64 2 83 17 74 0 4 89 54 79 60 48 68 17 57 61 0 72 97 70 
62 61 56 23 72 17 94 35 81 4 0 81 75 83 9 47 15 41 71 40 40 67 53 24 
48 19 25 54 13 39 60 75 40 89 81 0 82 46 45 29 16 98 7 22 6 72 14 30 
82 94 38 40 87 7 0 20 68 54 75 82 0 47 69 41 74 10 49 37 85 11 84 82 
88 16 61 36 50 13 22 62 89 79 83 46 47 0 12 42 24 88 79 90 24 58 38 46 
95 75 28 67 69 44 88 85 11 60 9 45 69 12 0 48 27 90 8 7 62 90 26 99 
73 31 61 58 36 66 52 70 7 48 47 29 41 42 48 0 16 45 4 57 23 11 88 66 
26 59 17 22 46 41 67 29 60 68 15 16 74 24 27 16 0 98 23 58 83 40 89 68 
27 39 96 96 11 26 72 21 83 17 41 98 10 88 90 45 98 0 30 87 32 59 34 64 
2 5 45 11 88 89 21 16 11 57 71 7 49 79 8 4 23 30 0 98 17 100 65 5 
33 90 19 38 7 13 79 43 70 61 40 22 37 90 7 57 58 87 98 0 86 62 92 27 
35 33 26 20 13 88 3 24 33 0 40 6 85 24 62 23 83 32 17 86 0 29 83 17 
92 31 30 53 36 60 11 93 58 72 67 72 11 58 90 11 40 59 100 62 29 0 6 80 
26 58 8 16 51 99 5 53 71 97 53 14 84 38 26 88 89 34 65 92 83 6 0 13 
46 50 85 82 11 32 58 85 28 70 24 30 82 46 99 66 68 64 5 27 17 80 13 0 
RBBRBBRRBBBBRBBRRRBRRBRR
