8
0 3 0 47 93 83 71 8 
3 0 50 82 5 64 95 31 
0 50 0 94 98 60 33 42 
47 82 94 0 65 55 13 98 
93 5 98 65 0 67 27 61 
83 64 60 55 67 0 75 0 
71 95 33 13 27 75 0 100 
8 31 42 98 61 0 100 0 
RBBRBRRB
