32
0 90 69 12 83 97 73 66 100 85 3 92 70 33 31 42 56 25 5 11 86 89 66 10 18 27 75 28 83 99 33 67 
90 0 46 51 92 24 78 17 58 34 92 56 17 47 65 26 84 19 5 95 2 59 27 39 77 36 51 93 35 54 46 34 
69 46 0 12 37 37 63 90 59 89 65 3 53 37 51 55 8 88 76 77 93 73 68 38 57 20 74 27 98 77 98 95 
12 51 12 0 0 64 13 41 21 49 61 8 8 27 75 94 25 49 7 84 40 42 41 20 57 68 0 46 57 7 4 61 
83 92 37 0 0 6 69 80 88 32 62 50 23 52 0 86 76 14 47 86 87 29 63 20 0 74 79 11 76 74 66 27 
97 24 37 64 6 0 55 82 1 92 6 22 3 78 59 40 28 51 37 14 52 17 58 54 60 44 40 68 12 47 29 88 
73 78 63 13 69 55 0 87 42 95 64 75 15 20 95 51 24 78 33 55 14 39 72 44 56 8 59 39 32 17 92 73 
66 17 90 41 80 82 87 0 4 3 56 47 33 86 54 25 2 17 13 51 4 20 24 46 18 63 98 40 73 96 79 53 
100 58 59 21 88 1 42 4 0 57 9 15 37 61 94 56 25 21 59 72 66 23 7 42 24 47 80 23 13 64 18 36 
85 34 89 49 32 92 95 3 57 0 10 35 74 1 100 29 14 66 33 0 73 67 49 39 68 78 22 71 67 3 33 11 
3 92 65 61 62 6 64 56 9 10 0 1 51 32 37 12 62 17 53 51 3 94 9 75 21 50 17 91 94 39 52 95 
92 56 3 8 50 22 75 47 15 35 1 0 8 36 15 34 53 18 68 0 26 2 52 96 67 38 5 62 66 54 61 41 
70 17 53 8 23 3 15 33 37 74 51 8 0 40 57 14 73 82 73 13 71 1 97 34 65 75 2 91 15 26 6 26 
33 47 37 27 52 78 20 86 61 1 32 36 40 0 34 37 23 100 72 16 68 45 53 11 62 86 69 63 58 12 2 59 
31 65 51 75 0 59 95 54 94 100 37 15 57 34 0 59 43 73 7 16 0 50 27 45 6 52 16 78 40 91 30 34 
42 26 55 94 86 40 51 25 56 29 12 34 14 37 59 0 60 26 86 8 83 69 10 78 95 27 7 7 21 100 87 60 
56 84 8 25 76 28 24 2 25 14 62 53 73 23 43 60 0 89 30 7 36 5 96 45 50 3 3 60 77 47 4 80 
25 19 88 49 14 51 78 17 21 66 17 18 82 100 73 26 89 0 1 39 63 18 17 30 38 62 18 47 45 13 15 8 
5 5 76 7 47 37 33 13 59 33 53 68 73 72 7 86 30 1 0 8 23 38 52 43 31 78 87 37 96 32 51 70 
11 95 77 84 86 14 55 51 72 0 51 0 13 16 16 8 7 39 8 0 91 95 73 9 69 76 25 50 89 58 46 79 
86 2 93 40 87 52 14 4 66 73 3 26 71 68 0 83 36 63 23 91 0 62 71 91 39 76 87 98 97 27 95 56 
89 59 73 42 29 17 39 20 23 67 94 2 1 45 50 69 5 18 38 95 62 0 51 2 81 33 61 47 15 50 66 68 
66 27 68 41 63 58 72 24 7 49 9 52 97 53 27 10 96 17 52 73 71 51 0 7 40 55 35 1 32 15 95 47 
10 39 38 20 20 54 44 46 42 39 75 96 34 11 45 78 45 30 43 9 91 2 7 0 28 48 9 82 76 19 40 50 
18 77 57 57 0 60 56 18 24 68 21 67 65 62 6 95 50 38 31 69 39 81 40 28 0 96 51 24 71 8 50 49 
27 36 20 68 74 44 8 63 47 78 50 38 75 86 52 27 3 62 78 76 76 33 55 48 96 0 56 87 67 82 73 86 
75 51 74 0 79 40 59 98 80 22 17 5 2 69 16 7 3 18 87 25 87 61 35 9 51 56 0 19 25 55 59 64 
28 93 27 46 11 68 39 40 23 71 91 62 91 63 78 7 60 47 37 50 98 47 1 82 24 87 19 0 46 48 39 18 
83 35 98 57 76 12 32 73 13 67 94 66 15 58 40 21 77 45 96 89 97 15 32 76 71 67 25 46 0 34 83 44 
99 54 77 7 74 47 17 96 64 3 39 54 26 12 91 100 47 13 32 58 27 50 15 19 8 82 55 48 34 0 13 5 
33 46 98 4 66 29 92 79 18 33 52 61 6 2 30 87 4 15 51 46 95 66 95 40 50 73 59 39 83 13 0 33 
67 34 95 61 27 88 73 53 36 11 95 41 26 59 34 60 80 8 70 79 56 68 47 50 49 86 64 18 44 5 33 0 
RBBRRBBRBBRRBRRRBBRRRBRBRBBRBRBB
