18
0 23 67 27 33 50 85 61 32 98 40 80 10 88 28 69 24 18 
23 0 26 61 45 37 53 31 8 47 39 63 19 72 45 55 38 80 
67 26 0 48 97 4 40 44 50 36 96 16 65 36 4 88 8 35 
27 61 48 0 48 55 87 90 94 10 66 2 92 56 82 26 29 52 
33 45 97 48 0 93 56 84 44 76 21 65 80 44 17 29 100 68 
50 37 4 55 93 0 91 44 56 76 48 84 0 82 57 79 43 64 
85 53 40 87 56 91 0 78 45 80 28 84 78 7 47 73 84 90 
61 31 44 90 84 44 78 0 83 12 90 73 20 1 43 17 91 3 
32 8 50 94 44 56 45 83 0 58 50 93 16 81 88 68 96 34 
98 47 36 10 76 76 80 12 58 0 43 25 0 96 81 78 20 0 
40 39 96 66 21 48 28 90 50 43 0 80 18 29 62 59 49 7 
80 63 16 2 65 84 84 73 93 25 80 0 28 2 66 81 44 2 
10 19 65 92 80 0 78 20 16 0 18 28 0 13 47 68 58 93 
88 72 36 56 44 82 7 1 81 96 29 2 13 0 88 18 39 70 
28 45 4 82 17 57 47 43 88 81 62 66 47 88 0 12 82 39 
69 55 88 26 29 79 73 17 68 78 59 81 68 18 12 0 69 40 
24 38 8 29 100 43 84 91 96 20 49 44 58 39 82 69 0 22 
18 80 35 52 68 64 90 3 34 0 7 2 93 70 39 40 22 0 
BRBRBBRRRRRBBRBRBB
