28
0 93 88 87 34 75 63 59 65 66 35 98 93 78 42 74 83 79 32 16 67 28 86 83 29 90 71 54 
93 0 89 61 54 51 13 11 99 37 53 6 76 26 22 60 34 54 64 24 75 18 45 52 40 12 32 82 
88 89 0 15 21 81 19 73 15 75 79 82 40 92 72 84 66 9 88 86 59 75 53 17 57 62 24 50 
87 61 15 0 3 64 63 28 24 98 35 90 30 63 63 61 22 50 25 77 61 68 31 17 16 34 77 54 
34 54 21 3 0 98 34 67 23 97 26 69 59 65 99 47 81 56 5 65 7 38 60 38 58 25 15 37 
75 51 81 64 98 0 39 76 34 36 70 81 38 63 22 97 97 39 62 80 77 18 16 26 82 38 68 4 
63 13 19 63 34 39 0 5 18 99 27 76 82 54 36 3 23 33 28 63 24 76 47 44 50 36 57 37 
59 11 73 28 67 76 5 0 37 67 86 77 52 90 71 63 49 80 67 9 37 89 35 21 28 16 25 71 
65 99 15 24 23 34 18 37 0 42 49 79 59 48 92 8 3 39 59 17 24 80 0 86 96 69 65 89 
66 37 75 98 97 36 99 67 42 0 42 46 22 3 67 33 12 66 22 92 68 99 62 43 47 58 56 30 
35 53 79 35 26 70 27 86 49 42 0 8 94 64 57 16 22 35 58 44 67 37 57 3 67 1 67 22 
98 6 82 90 69 81 76 77 79 46 8 0 6 76 91 83 26 43 18 4 56 61 89 68 10 80 16 6 
93 76 40 30 59 38 82 52 59 22 94 6 0 52 78 0 36 72 48 96 9 33 20 5 43 14 99 46 
78 26 92 63 65 63 54 90 48 3 64 76 52 0 17 71 79 66 88 16 60 22 15 74 53 87 66 36 
42 22 72 63 99 22 36 71 92 67 57 91 78 17 0 40 3 77 42 0 46 13 47 83 100 18 49 2 
74 60 84 61 47 97 3 63 8 33 16 83 0 71 40 0 50 64 10 45 35 21 44 26 97 68 59 72 
83 34 66 22 81 97 23 49 3 12 22 26 36 79 3 50 0 50 17 16 99 36 83 19 11 28 85 26 
79 54 9 50 56 39 33 80 39 66 35 43 72 66 77 64 50 0 9 85 54 61 85 44 58 73 24 28 
32 64 88 25 5 62 28 67 59 22 58 18 48 88 42 10 17 9 0 20 78 11 90 22 61 4 14 32 
16 24 86 77 65 80 63 9 17 92 44 4 96 16 0 45 16 85 20 0 24 81 52 27 53 35 12 42 
67 75 59 61 7 77 24 37 24 68 67 56 9 60 46 35 99 54 78 24 0 52 57 98 80 61 30 22 
28 18 75 68 38 18 76 89 80 99 37 61 33 22 13 21 36 61 11 81 52 0 37 47 53 65 65 79 
86 45 53 31 60 16 47 35 0 62 57 89 20 15 47 44 83 85 90 52 57 37 0 50 84 61 64 98 
83 52 17 17 38 26 44 21 86 43 3 68 5 74 83 26 19 44 22 27 98 47 50 0 56 30 28 41 
29 40 57 16 58 82 50 28 96 47 67 10 43 53 100 97 11 58 61 53 80 53 84 56 0 54 11 47 
90 12 62 34 25 38 36 16 69 58 1 80 14 87 18 68 28 73 4 35 61 65 61 30 54 0 77 5 
71 32 24 77 15 68 57 25 65 56 67 16 99 66 49 59 85 24 14 12 30 65 64 28 11 77 0 97 
54 82 50 54 37 4 37 71 89 30 22 6 46 36 2 72 26 28 32 42 22 79 98 41 47 5 97 0 
BRRBBBBRBBRBRRBRBRRRRBBRBBRR
