32
0 52 45 51 58 71 17 50 52 86 63 89 70 79 100 24 71 79 41 18 74 26 83 72 97 45 98 3 23 24 60 80 
52 0 33 78 9 56 38 24 86 65 50 25 99 80 25 46 49 82 54 70 99 3 79 19 43 5 7 53 49 85 91 90 
45 33 0 83 81 32 35 87 99 57 20 95 61 47 9 76 61 53 12 70 47 45 87 28 22 21 26 40 72 42 88 87 
51 78 83 0 23 40 24 94 88 48 69 61 94 19 99 0 4 20 38 43 8 94 66 14 29 45 11 79 54 42 50 87 
58 9 81 23 0 37 67 18 13 53 90 24 6 76 37 7 57 53 0 57 52 57 17 35 21 98 93 22 83 26 79 100 
71 56 32 40 37 0 56 56 56 36 80 18 54 1 84 20 52 40 74 41 96 23 61 77 72 45 21 9 28 19 84 5 
17 38 35 24 67 56 0 23 41 50 94 73 21 81 20 0 52 33 56 3 28 10 86 75 91 59 97 61 62 36 65 16 
50 24 87 94 18 56 23 0 31 60 23 59 43 58 91 63 24 95 23 27 67 93 71 12 81 9 5 91 3 36 19 1 
52 86 99 88 13 56 41 31 0 1 80 7 62 8 81 89 74 19 5 82 18 96 15 30 66 29 25 51 90 32 36 37 
86 65 57 48 53 36 50 60 1 0 41 27 36 63 81 79 36 70 39 77 55 58 98 11 11 87 81 71 22 44 100 44 
63 50 20 69 90 80 94 23 80 41 0 92 79 62 92 49 55 60 89 6 88 28 76 63 30 93 87 31 3 69 84 79 
89 25 95 61 24 18 73 59 7 27 92 0 3 96 27 49 94 39 20 17 39 67 26 60 21 4 88 21 19 60 92 83 
70 99 61 94 6 54 21 43 62 36 79 3 0 96 89 100 48 80 93 30 18 27 76 74 84 91 20 48 76 91 37 8 
79 80 47 19 76 1 81 58 8 63 62 96 96 0 49 22 4 34 13 50 57 96 10 9 77 27 64 69 24 0 35 33 
100 25 9 99 37 84 20 91 81 81 92 27 89 49 0 22 35 26 83 46 34 94 26 28 31 75 44 86 48 91 17 39 
24 46 76 0 7 20 0 63 89 79 49 49 100 22 22 0 28 9 97 45 55 73 67 100 96 17 92 76 7 51 40 57 
71 49 61 4 57 52 52 24 74 36 55 94 48 4 35 28 0 43 43 64 53 18 5 78 100 54 47 100 75 98 43 100 
79 82 53 20 53 40 33 95 19 70 60 39 80 34 26 9 43 0 39 63 11 80 62 89 20 80 81 86 45 34 49 20 
41 54 12 38 0 74 56 23 5 39 89 20 93 13 83 97 43 39 0 54 49 39 62 48 40 38 0 58 30 38 65 30 
18 70 70 43 57 41 3 27 82 77 6 17 30 50 46 45 64 63 54 0 77 43 67 76 76 86 4 87 12 50 58 7 
74 99 47 8 52 96 28 67 18 55 88 39 18 57 34 55 53 11 49 77 0 24 48 9 61 68 45 54 6 96 92 35 
26 3 45 94 57 23 10 93 96 58 28 67 27 96 94 73 18 80 39 43 24 0 34 35 100 42 54 10 3 98 27 87 
83 79 87 66 17 61 86 71 15 98 76 26 76 10 26 67 5 62 62 67 48 34 0 8 96 39 20 94 35 68 11 18 
72 19 28 14 35 77 75 12 30 11 63 60 74 9 28 100 78 89 48 76 9 35 8 0 11 57 44 15 86 77 41 29 
97 43 22 29 21 72 91 81 66 11 30 21 84 77 31 96 100 20 40 76 61 100 96 11 0 99 5 47 28 80 58 57 
45 5 21 45 98 45 59 9 29 87 93 4 91 27 75 17 54 80 38 86 68 42 39 57 99 0 54 31 51 58 4 9 
98 7 26 11 93 21 97 5 25 81 87 88 20 64 44 92 47 81 0 4 45 54 20 44 5 54 0 60 10 49 93 97 
3 53 40 79 22 9 61 91 51 71 31 21 48 69 86 76 100 86 58 87 54 10 94 15 47 31 60 0 16 45 92 72 
23 49 72 54 83 28 62 3 90 22 3 19 76 24 48 7 75 45 30 12 6 3 35 86 28 51 10 16 0 90 30 91 
24 85 42 42 26 19 36 36 32 44 69 60 91 0 91 51 98 34 38 50 96 98 68 77 80 58 49 45 90 0 13 72 
60 91 88 50 79 84 65 19 36 100 84 92 37 35 17 40 43 49 65 58 92 27 11 41 58 4 93 92 30 13 0 41 
80 90 87 87 100 5 16 1 37 44 79 83 8 33 39 57 100 20 30 7 35 87 18 29 57 9 97 72 91 72 41 0 
RRRRRRRRRBRBBBBBBRBBRBBRBBRBRBRB
