26
0 99 27 89 68 8 24 62 69 100 18 87 90 92 29 66 65 24 37 4 12 33 84 78 47 41 
99 0 92 86 63 15 45 55 5 36 8 18 55 79 71 59 97 83 100 89 96 48 87 36 68 80 
27 92 0 74 8 23 71 50 19 76 73 97 21 49 65 85 69 84 82 2 47 83 90 81 52 9 
89 86 74 0 34 2 32 46 59 98 29 43 36 23 91 31 71 35 97 58 76 70 22 4 19 63 
68 63 8 34 0 67 52 100 85 25 27 66 66 53 100 33 40 92 10 56 51 55 20 98 44 65 
8 15 23 2 67 0 24 68 88 0 99 98 63 50 51 31 8 37 74 86 0 85 85 45 99 16 
24 45 71 32 52 24 0 96 66 82 56 29 2 14 47 83 59 18 59 4 77 19 75 44 38 27 
62 55 50 46 100 68 96 0 57 40 95 21 40 30 91 63 55 38 43 79 8 73 75 90 87 56 
69 5 19 59 85 88 66 57 0 41 55 57 5 32 56 61 77 79 36 89 10 17 25 83 28 97 
100 36 76 98 25 0 82 40 41 0 40 27 64 90 46 25 56 95 67 44 67 62 12 63 45 46 
18 8 73 29 27 99 56 95 55 40 0 84 59 29 57 79 92 94 99 24 11 49 81 28 38 19 
87 18 97 43 66 98 29 21 57 27 84 0 82 90 41 10 72 83 4 15 47 42 77 92 53 4 
90 55 21 36 66 63 2 40 5 64 59 82 0 36 51 94 42 67 23 38 70 47 85 30 96 42 
92 79 49 23 53 50 14 30 32 90 29 90 36 0 94 63 0 48 10 9 72 89 75 25 52 32 
29 71 65 91 100 51 47 91 56 46 57 41 51 94 0 6 22 37 47 42 7 8 44 64 9 34 
66 59 85 31 33 31 83 63 61 25 79 10 94 63 6 0 91 39 88 71 55 33 36 34 1 55 
65 97 69 71 40 8 59 55 77 56 92 72 42 0 22 91 0 59 87 9 80 17 41 99 38 62 
24 83 84 35 92 37 18 38 79 95 94 83 67 48 37 39 59 0 89 38 42 25 88 27 38 36 
37 100 82 97 10 74 59 43 36 67 99 4 23 10 47 88 87 89 0 76 39 99 4 54 57 88 
4 89 2 58 56 86 4 79 89 44 24 15 38 9 42 71 9 38 76 0 62 75 50 2 83 65 
12 96 47 76 51 0 77 8 10 67 11 47 70 72 7 55 80 42 39 62 0 54 55 76 96 25 
33 48 83 70 55 85 19 73 17 62 49 42 47 89 8 33 17 25 99 75 54 0 59 9 67 99 
84 87 90 22 20 85 75 75 25 12 81 77 85 75 44 36 41 88 4 50 55 59 0 24 69 22 
78 36 81 4 98 45 44 90 83 63 28 92 30 25 64 34 99 27 54 2 76 9 24 0 43 85 
47 68 52 19 44 99 38 87 28 45 38 53 96 52 9 1 38 38 57 83 96 67 69 43 0 22 
41 80 9 63 65 16 27 56 97 46 19 4 42 32 34 55 62 36 88 65 25 99 22 85 22 0 
BBRRRRBBRBRBBBRBRRRRRRBBBB
