6
0 71 32 16 57 56 
71 0 29 99 61 43 
32 29 0 12 34 11 
16 99 12 0 45 42 
57 61 34 45 0 74 
56 43 11 42 74 0 
BRBBRR
