8
0 43 3 83 76 98 73 79 
43 0 57 52 46 95 38 47 
3 57 0 55 87 38 17 20 
83 52 55 0 62 70 53 55 
76 46 87 62 0 33 78 51 
98 95 38 70 33 0 24 15 
73 38 17 53 78 24 0 43 
79 47 20 55 51 15 43 0 
BRRRBBBR
