22
0 54 84 69 76 25 53 28 11 25 76 45 48 14 56 97 97 63 29 12 59 66 
54 0 22 50 3 75 62 19 44 87 3 30 52 48 45 12 24 92 74 22 53 51 
84 22 0 96 73 96 55 69 8 63 76 100 51 82 46 26 32 1 91 1 71 94 
69 50 96 0 18 0 20 99 69 71 18 60 10 65 41 94 86 55 98 40 51 36 
76 3 73 18 0 39 48 64 75 24 68 52 51 34 29 58 49 46 35 52 74 67 
25 75 96 0 39 0 65 45 68 81 5 64 30 42 50 30 93 93 62 87 100 37 
53 62 55 20 48 65 0 25 42 57 36 91 76 59 28 2 9 86 42 9 95 93 
28 19 69 99 64 45 25 0 58 39 88 24 45 38 81 39 60 73 16 14 12 95 
11 44 8 69 75 68 42 58 0 39 43 2 73 94 93 76 18 63 72 93 81 50 
25 87 63 71 24 81 57 39 39 0 95 65 18 56 39 29 24 45 77 30 58 19 
76 3 76 18 68 5 36 88 43 95 0 71 49 69 36 72 97 72 46 30 45 84 
45 30 100 60 52 64 91 24 2 65 71 0 92 13 100 24 53 16 1 0 66 14 
48 52 51 10 51 30 76 45 73 18 49 92 0 6 4 37 5 35 38 14 94 59 
14 48 82 65 34 42 59 38 94 56 69 13 6 0 67 74 61 40 23 69 95 84 
56 45 46 41 29 50 28 81 93 39 36 100 4 67 0 75 27 5 43 39 1 62 
97 12 26 94 58 30 2 39 76 29 72 24 37 74 75 0 50 32 90 31 95 98 
97 24 32 86 49 93 9 60 18 24 97 53 5 61 27 50 0 63 55 1 85 62 
63 92 1 55 46 93 86 73 63 45 72 16 35 40 5 32 63 0 63 59 13 72 
29 74 91 98 35 62 42 16 72 77 46 1 38 23 43 90 55 63 0 8 87 89 
12 22 1 40 52 87 9 14 93 30 30 0 14 69 39 31 1 59 8 0 57 65 
59 53 71 51 74 100 95 12 81 58 45 66 94 95 1 95 85 13 87 57 0 32 
66 51 94 36 67 37 93 95 50 19 84 14 59 84 62 98 62 72 89 65 32 0 
BBRRBBRRRRRBBBBRRRBBBR
