20
0 65 57 1 1 50 96 76 77 80 40 37 74 87 87 94 9 89 62 22 
65 0 11 14 52 87 91 93 60 92 90 22 9 75 84 64 54 19 67 38 
57 11 0 16 89 5 62 61 68 85 83 51 61 40 69 80 66 71 54 80 
1 14 16 0 28 9 55 96 2 89 29 4 58 90 60 78 61 84 13 96 
1 52 89 28 0 96 41 64 96 92 16 42 80 68 10 51 93 82 33 91 
50 87 5 9 96 0 49 28 40 31 95 9 19 38 51 29 98 51 10 11 
96 91 62 55 41 49 0 35 63 7 56 2 84 19 15 17 69 59 24 67 
76 93 61 96 64 28 35 0 58 33 38 44 13 55 1 35 92 10 86 23 
77 60 68 2 96 40 63 58 0 90 96 20 21 57 97 25 41 39 99 57 
80 92 85 89 92 31 7 33 90 0 91 44 22 78 20 92 36 47 89 44 
40 90 83 29 16 95 56 38 96 91 0 35 87 73 34 35 69 51 89 48 
37 22 51 4 42 9 2 44 20 44 35 0 90 91 31 2 91 89 53 33 
74 9 61 58 80 19 84 13 21 22 87 90 0 65 43 8 72 82 94 78 
87 75 40 90 68 38 19 55 57 78 73 91 65 0 10 96 90 49 2 17 
87 84 69 60 10 51 15 1 97 20 34 31 43 10 0 83 23 93 49 11 
94 64 80 78 51 29 17 35 25 92 35 2 8 96 83 0 46 42 22 79 
9 54 66 61 93 98 69 92 41 36 69 91 72 90 23 46 0 0 18 38 
89 19 71 84 82 51 59 10 39 47 51 89 82 49 93 42 0 0 97 44 
62 67 54 13 33 10 24 86 99 89 89 53 94 2 49 22 18 97 0 54 
22 38 80 96 91 11 67 23 57 44 48 33 78 17 11 79 38 44 54 0 
BRBRRRBRBRRBRBBRBRBB
