20
0 90 78 32 45 0 6 90 51 95 44 12 6 82 15 51 76 4 70 68 
90 0 6 7 71 29 7 86 52 29 28 65 19 64 57 46 18 68 60 50 
78 6 0 30 63 85 31 58 44 17 77 63 78 52 21 69 28 74 57 16 
32 7 30 0 34 12 29 4 70 51 35 91 97 87 6 18 80 42 69 38 
45 71 63 34 0 20 3 97 54 95 2 13 23 84 75 30 84 95 31 97 
0 29 85 12 20 0 92 50 8 80 61 32 92 78 9 25 8 76 34 98 
6 7 31 29 3 92 0 11 86 27 39 36 19 93 2 18 31 58 16 10 
90 86 58 4 97 50 11 0 55 64 67 41 42 6 94 87 57 33 22 74 
51 52 44 70 54 8 86 55 0 26 18 24 19 4 43 91 19 6 94 72 
95 29 17 51 95 80 27 64 26 0 68 25 26 71 43 46 21 57 97 74 
44 28 77 35 2 61 39 67 18 68 0 78 58 76 0 3 64 43 76 83 
12 65 63 91 13 32 36 41 24 25 78 0 38 29 66 91 3 28 41 85 
6 19 78 97 23 92 19 42 19 26 58 38 0 2 69 66 55 46 13 42 
82 64 52 87 84 78 93 6 4 71 76 29 2 0 37 98 77 36 42 44 
15 57 21 6 75 9 2 94 43 43 0 66 69 37 0 34 18 58 18 0 
51 46 69 18 30 25 18 87 91 46 3 91 66 98 34 0 11 35 80 15 
76 18 28 80 84 8 31 57 19 21 64 3 55 77 18 11 0 90 36 80 
4 68 74 42 95 76 58 33 6 57 43 28 46 36 58 35 90 0 12 91 
70 60 57 69 31 34 16 22 94 97 76 41 13 42 18 80 36 12 0 11 
68 50 16 38 97 98 10 74 72 74 83 85 42 44 0 15 80 91 11 0 
RRRBRRBBBBBBRRBRBBRR
