28
0 64 5 88 53 16 99 20 100 64 34 98 51 69 23 9 60 42 56 17 77 24 23 78 49 87 48 88 
64 0 52 82 77 77 53 72 57 34 84 34 81 8 29 93 2 80 23 54 27 69 75 52 100 28 63 41 
5 52 0 9 5 2 58 62 60 96 70 8 94 20 66 28 59 26 78 20 34 25 39 25 96 19 32 31 
88 82 9 0 95 15 58 12 93 98 95 60 54 71 67 98 49 15 82 53 63 91 96 6 58 5 42 36 
53 77 5 95 0 55 38 22 46 6 14 5 63 38 85 93 79 70 23 98 43 68 44 11 89 5 76 88 
16 77 2 15 55 0 13 2 42 14 31 17 9 28 89 68 68 26 7 2 97 53 18 91 59 25 79 36 
99 53 58 58 38 13 0 48 96 80 50 63 35 52 62 43 99 28 81 34 51 83 76 46 56 85 11 48 
20 72 62 12 22 2 48 0 29 15 28 100 63 68 62 91 76 23 27 17 83 39 64 45 72 66 22 75 
100 57 60 93 46 42 96 29 0 71 16 36 95 39 50 64 93 36 56 38 8 46 0 80 48 53 38 100 
64 34 96 98 6 14 80 15 71 0 6 67 84 45 81 8 33 16 47 70 76 47 4 2 47 72 100 57 
34 84 70 95 14 31 50 28 16 6 0 78 11 76 12 96 84 13 65 79 32 46 86 46 64 10 56 45 
98 34 8 60 5 17 63 100 36 67 78 0 55 76 41 80 83 63 2 81 27 61 62 13 21 89 48 9 
51 81 94 54 63 9 35 63 95 84 11 55 0 35 63 59 74 55 64 87 59 80 80 19 26 87 22 55 
69 8 20 71 38 28 52 68 39 45 76 76 35 0 100 64 47 12 63 65 43 62 84 31 21 37 85 65 
23 29 66 67 85 89 62 62 50 81 12 41 63 100 0 73 59 79 5 52 39 35 57 28 51 21 36 50 
9 93 28 98 93 68 43 91 64 8 96 80 59 64 73 0 59 97 88 50 66 45 89 51 87 29 47 19 
60 2 59 49 79 68 99 76 93 33 84 83 74 47 59 59 0 37 78 49 17 9 16 45 53 91 6 46 
42 80 26 15 70 26 28 23 36 16 13 63 55 12 79 97 37 0 54 47 72 42 83 67 32 57 95 76 
56 23 78 82 23 7 81 27 56 47 65 2 64 63 5 88 78 54 0 1 74 43 10 50 15 69 84 77 
17 54 20 53 98 2 34 17 38 70 79 81 87 65 52 50 49 47 1 0 41 73 21 42 29 10 25 9 
77 27 34 63 43 97 51 83 8 76 32 27 59 43 39 66 17 72 74 41 0 79 87 2 3 91 34 36 
24 69 25 91 68 53 83 39 46 47 46 61 80 62 35 45 9 42 43 73 79 0 57 17 64 34 65 61 
23 75 39 96 44 18 76 64 0 4 86 62 80 84 57 89 16 83 10 21 87 57 0 9 62 55 1 88 
78 52 25 6 11 91 46 45 80 2 46 13 19 31 28 51 45 67 50 42 2 17 9 0 15 75 41 38 
49 100 96 58 89 59 56 72 48 47 64 21 26 21 51 87 53 32 15 29 3 64 62 15 0 71 29 76 
87 28 19 5 5 25 85 66 53 72 10 89 87 37 21 29 91 57 69 10 91 34 55 75 71 0 44 7 
48 63 32 42 76 79 11 22 38 100 56 48 22 85 36 47 6 95 84 25 34 65 1 41 29 44 0 83 
88 41 31 36 88 36 48 75 100 57 45 9 55 65 50 19 46 76 77 9 36 61 88 38 76 7 83 0 
RRBBBBBBRRRRRBBRRBBRRBRRBRBB
