20
0 95 13 3 44 5 77 56 97 31 85 31 28 76 21 52 80 15 42 14 
95 0 47 22 23 53 26 14 90 84 64 23 46 48 40 50 62 31 37 99 
13 47 0 98 32 16 27 0 13 27 12 34 91 8 81 54 87 69 13 0 
3 22 98 0 56 64 46 26 0 83 18 77 72 34 88 70 91 59 5 64 
44 23 32 56 0 22 27 33 22 30 90 82 48 53 33 71 27 75 66 90 
5 53 16 64 22 0 15 93 78 78 76 83 26 11 60 70 89 59 92 75 
77 26 27 46 27 15 0 74 88 32 65 98 27 26 59 21 40 44 34 29 
56 14 0 26 33 93 74 0 9 89 39 30 16 3 17 87 91 62 2 3 
97 90 13 0 22 78 88 9 0 51 50 40 55 33 93 84 74 84 17 98 
31 84 27 83 30 78 32 89 51 0 41 19 60 5 56 79 96 50 82 46 
85 64 12 18 90 76 65 39 50 41 0 8 28 49 37 51 57 12 75 68 
31 23 34 77 82 83 98 30 40 19 8 0 89 24 6 76 23 42 36 40 
28 46 91 72 48 26 27 16 55 60 28 89 0 18 41 64 86 21 55 58 
76 48 8 34 53 11 26 3 33 5 49 24 18 0 40 87 36 87 79 79 
21 40 81 88 33 60 59 17 93 56 37 6 41 40 0 16 45 37 22 75 
52 50 54 70 71 70 21 87 84 79 51 76 64 87 16 0 60 77 100 18 
80 62 87 91 27 89 40 91 74 96 57 23 86 36 45 60 0 48 16 46 
15 31 69 59 75 59 44 62 84 50 12 42 21 87 37 77 48 0 39 80 
42 37 13 5 66 92 34 2 17 82 75 36 55 79 22 100 16 39 0 46 
14 99 0 64 90 75 29 3 98 46 68 40 58 79 75 18 46 80 46 0 
BBBBRBBBRRRRRBBRRBRR
