24
0 45 11 32 49 19 45 73 39 12 33 76 4 60 58 42 6 60 49 32 58 35 65 60 
45 0 10 37 26 98 54 36 88 84 1 62 89 27 67 49 81 73 6 73 87 4 69 41 
11 10 0 39 80 52 49 36 25 57 52 52 53 17 92 29 83 13 84 6 5 86 90 24 
32 37 39 0 13 84 97 57 98 76 70 86 72 18 10 93 99 4 91 26 77 50 85 37 
49 26 80 13 0 53 18 28 32 100 73 97 19 43 88 23 11 98 19 94 50 54 69 55 
19 98 52 84 53 0 71 44 96 30 87 1 53 34 98 91 14 22 40 83 12 80 82 76 
45 54 49 97 18 71 0 63 93 41 55 16 77 59 50 34 70 47 43 8 14 44 84 79 
73 36 36 57 28 44 63 0 83 71 46 56 2 47 46 51 78 37 54 36 5 44 97 65 
39 88 25 98 32 96 93 83 0 58 49 7 64 70 97 72 2 1 31 64 4 92 98 57 
12 84 57 76 100 30 41 71 58 0 50 8 42 26 65 97 45 24 57 97 37 34 76 11 
33 1 52 70 73 87 55 46 49 50 0 79 1 46 47 60 46 69 55 56 88 20 9 66 
76 62 52 86 97 1 16 56 7 8 79 0 47 97 52 40 17 37 92 92 74 37 47 24 
4 89 53 72 19 53 77 2 64 42 1 47 0 7 7 29 24 12 83 69 35 88 34 73 
60 27 17 18 43 34 59 47 70 26 46 97 7 0 40 52 27 50 54 25 70 43 5 95 
58 67 92 10 88 98 50 46 97 65 47 52 7 40 0 58 54 26 75 56 40 7 65 25 
42 49 29 93 23 91 34 51 72 97 60 40 29 52 58 0 5 3 81 82 62 74 11 82 
6 81 83 99 11 14 70 78 2 45 46 17 24 27 54 5 0 35 77 57 92 65 16 80 
60 73 13 4 98 22 47 37 1 24 69 37 12 50 26 3 35 0 57 57 66 92 4 31 
49 6 84 91 19 40 43 54 31 57 55 92 83 54 75 81 77 57 0 51 1 61 43 83 
32 73 6 26 94 83 8 36 64 97 56 92 69 25 56 82 57 57 51 0 67 72 32 57 
58 87 5 77 50 12 14 5 4 37 88 74 35 70 40 62 92 66 1 67 0 43 64 71 
35 4 86 50 54 80 44 44 92 34 20 37 88 43 7 74 65 92 61 72 43 0 51 35 
65 69 90 85 69 82 84 97 98 76 9 47 34 5 65 11 16 4 43 32 64 51 0 94 
60 41 24 37 55 76 79 65 57 11 66 24 73 95 25 82 80 31 83 57 71 35 94 0 
RBRBRBBRBRBBRBRRRBRRBBBR
