16
0 81 56 80 74 32 69 96 42 73 65 60 1 27 46 80 
81 0 2 92 84 43 33 78 27 2 2 56 88 11 90 83 
56 2 0 25 81 93 58 0 95 40 35 96 29 87 19 94 
80 92 25 0 71 72 47 18 59 20 64 39 55 23 83 93 
74 84 81 71 0 56 35 25 18 94 70 77 100 21 96 24 
32 43 93 72 56 0 90 41 45 18 77 77 42 82 82 56 
69 33 58 47 35 90 0 92 46 53 68 85 0 84 46 68 
96 78 0 18 25 41 92 0 12 92 84 36 83 81 56 77 
42 27 95 59 18 45 46 12 0 33 7 68 72 86 3 87 
73 2 40 20 94 18 53 92 33 0 79 88 22 68 30 6 
65 2 35 64 70 77 68 84 7 79 0 8 34 59 1 74 
60 56 96 39 77 77 85 36 68 88 8 0 28 47 42 50 
1 88 29 55 100 42 0 83 72 22 34 28 0 61 52 18 
27 11 87 23 21 82 84 81 86 68 59 47 61 0 26 7 
46 90 19 83 96 82 46 56 3 30 1 42 52 26 0 67 
80 83 94 93 24 56 68 77 87 6 74 50 18 7 67 0 
BBBBRBBRBRRBRRRR
