26
0 76 3 82 67 22 17 10 88 61 78 18 57 59 95 28 97 74 94 6 50 11 57 70 99 21 
76 0 28 100 42 91 83 37 89 42 12 49 34 56 30 33 24 21 18 34 79 82 56 73 82 18 
3 28 0 93 38 35 22 46 4 77 44 7 65 73 87 73 64 55 21 15 72 81 57 56 50 91 
82 100 93 0 42 11 45 49 58 47 48 0 57 87 88 89 64 64 99 96 65 1 51 42 48 46 
67 42 38 42 0 13 65 91 88 1 33 78 71 12 26 3 69 73 82 8 39 77 60 43 90 42 
22 91 35 11 13 0 87 64 58 90 23 39 27 91 76 34 69 54 50 14 36 13 61 49 74 33 
17 83 22 45 65 87 0 15 86 94 75 72 17 89 24 37 95 91 81 5 19 6 94 97 55 19 
10 37 46 49 91 64 15 0 6 55 74 28 99 94 55 3 95 60 47 89 48 47 3 31 43 0 
88 89 4 58 88 58 86 6 0 58 25 86 77 4 10 4 35 5 37 58 47 60 47 81 98 1 
61 42 77 47 1 90 94 55 58 0 44 56 41 82 26 40 43 69 49 65 5 91 35 2 44 74 
78 12 44 48 33 23 75 74 25 44 0 60 24 13 18 50 32 3 76 41 24 20 72 79 34 73 
18 49 7 0 78 39 72 28 86 56 60 0 40 44 28 17 4 89 9 16 84 3 67 100 85 69 
57 34 65 57 71 27 17 99 77 41 24 40 0 14 18 0 28 49 71 17 7 96 36 12 72 9 
59 56 73 87 12 91 89 94 4 82 13 44 14 0 24 45 64 86 80 97 37 41 46 39 38 30 
95 30 87 88 26 76 24 55 10 26 18 28 18 24 0 83 61 33 58 80 37 52 80 42 89 30 
28 33 73 89 3 34 37 3 4 40 50 17 0 45 83 0 50 49 94 81 76 92 4 19 49 42 
97 24 64 64 69 69 95 95 35 43 32 4 28 64 61 50 0 51 28 87 31 44 34 50 12 76 
74 21 55 64 73 54 91 60 5 69 3 89 49 86 33 49 51 0 78 91 61 33 12 11 92 100 
94 18 21 99 82 50 81 47 37 49 76 9 71 80 58 94 28 78 0 91 74 78 94 65 10 100 
6 34 15 96 8 14 5 89 58 65 41 16 17 97 80 81 87 91 91 0 34 38 45 70 7 53 
50 79 72 65 39 36 19 48 47 5 24 84 7 37 37 76 31 61 74 34 0 15 21 66 100 38 
11 82 81 1 77 13 6 47 60 91 20 3 96 41 52 92 44 33 78 38 15 0 82 34 45 89 
57 56 57 51 60 61 94 3 47 35 72 67 36 46 80 4 34 12 94 45 21 82 0 3 66 39 
70 73 56 42 43 49 97 31 81 2 79 100 12 39 42 19 50 11 65 70 66 34 3 0 71 56 
99 82 50 48 90 74 55 43 98 44 34 85 72 38 89 49 12 92 10 7 100 45 66 71 0 32 
21 18 91 46 42 33 19 0 1 74 73 69 9 30 30 42 76 100 100 53 38 89 39 56 32 0 
BRBBRBBRRRBBRRBRBRBBBRRRBR
