30
0 2 55 26 78 42 94 68 6 75 19 44 48 42 94 92 21 35 74 85 61 83 31 2 69 6 40 75 50 87 
2 0 92 92 85 66 99 2 53 21 88 79 14 34 91 79 76 30 81 66 92 62 50 2 5 23 27 29 96 29 
55 92 0 51 10 30 71 54 29 62 80 56 73 12 25 96 20 75 87 35 21 91 15 51 22 91 98 24 14 46 
26 92 51 0 80 55 68 15 52 8 84 86 56 28 35 20 89 86 95 19 68 1 45 69 42 13 80 19 31 3 
78 85 10 80 0 30 53 99 83 24 38 44 49 68 66 53 50 13 21 12 73 76 65 8 29 12 83 54 20 36 
42 66 30 55 30 0 81 36 13 58 91 4 14 30 14 4 14 23 73 87 47 12 91 60 93 64 77 31 36 7 
94 99 71 68 53 81 0 7 73 25 54 57 80 98 59 35 55 4 55 31 3 33 11 50 0 94 2 34 51 14 
68 2 54 15 99 36 7 0 29 57 98 5 34 97 17 47 77 53 25 50 6 4 22 68 33 87 98 57 7 85 
6 53 29 52 83 13 73 29 0 8 9 79 50 25 46 54 9 96 0 56 54 11 62 64 17 62 18 39 82 91 
75 21 62 8 24 58 25 57 8 0 20 74 55 36 100 27 4 77 98 56 23 37 46 26 78 57 9 44 18 16 
19 88 80 84 38 91 54 98 9 20 0 66 73 65 78 54 9 60 39 56 82 87 85 71 85 97 1 50 68 56 
44 79 56 86 44 4 57 5 79 74 66 0 68 93 17 81 33 63 17 25 83 14 37 52 76 22 49 41 15 3 
48 14 73 56 49 14 80 34 50 55 73 68 0 45 6 23 46 25 25 42 90 75 65 50 18 64 68 22 6 90 
42 34 12 28 68 30 98 97 25 36 65 93 45 0 48 15 13 46 59 44 61 47 93 88 69 51 22 53 15 45 
94 91 25 35 66 14 59 17 46 100 78 17 6 48 0 40 0 66 25 2 93 95 12 80 90 40 86 47 16 76 
92 79 96 20 53 4 35 47 54 27 54 81 23 15 40 0 72 27 17 73 96 4 29 3 69 81 43 76 75 42 
21 76 20 89 50 14 55 77 9 4 9 33 46 13 0 72 0 56 77 72 75 84 96 34 9 30 60 81 77 1 
35 30 75 86 13 23 4 53 96 77 60 63 25 46 66 27 56 0 51 82 3 23 11 26 25 100 63 28 20 32 
74 81 87 95 21 73 55 25 0 98 39 17 25 59 25 17 77 51 0 58 16 24 49 51 83 99 97 8 24 80 
85 66 35 19 12 87 31 50 56 56 56 25 42 44 2 73 72 82 58 0 43 15 97 0 19 89 49 90 34 91 
61 92 21 68 73 47 3 6 54 23 82 83 90 61 93 96 75 3 16 43 0 29 11 69 13 84 23 76 20 64 
83 62 91 1 76 12 33 4 11 37 87 14 75 47 95 4 84 23 24 15 29 0 7 58 29 77 6 5 85 52 
31 50 15 45 65 91 11 22 62 46 85 37 65 93 12 29 96 11 49 97 11 7 0 49 55 13 28 87 100 40 
2 2 51 69 8 60 50 68 64 26 71 52 50 88 80 3 34 26 51 0 69 58 49 0 89 87 7 80 57 97 
69 5 22 42 29 93 0 33 17 78 85 76 18 69 90 69 9 25 83 19 13 29 55 89 0 28 21 79 43 51 
6 23 91 13 12 64 94 87 62 57 97 22 64 51 40 81 30 100 99 89 84 77 13 87 28 0 71 19 45 13 
40 27 98 80 83 77 2 98 18 9 1 49 68 22 86 43 60 63 97 49 23 6 28 7 21 71 0 10 57 100 
75 29 24 19 54 31 34 57 39 44 50 41 22 53 47 76 81 28 8 90 76 5 87 80 79 19 10 0 96 85 
50 96 14 31 20 36 51 7 82 18 68 15 6 15 16 75 77 20 24 34 20 85 100 57 43 45 57 96 0 61 
87 29 46 3 36 7 14 85 91 16 56 3 90 45 76 42 1 32 80 91 64 52 40 97 51 13 100 85 61 0 
RBBRBRRRRRBBBRRBBBRBRBRBRRRBBB
