26
0 83 19 78 10 22 7 5 47 23 49 77 30 78 50 55 15 82 23 16 63 90 16 13 44 31 
83 0 75 91 12 62 64 61 63 63 37 48 84 70 69 62 44 47 74 58 65 61 0 91 87 73 
19 75 0 68 27 36 1 71 47 74 48 91 53 51 10 45 9 93 42 67 38 59 14 73 99 39 
78 91 68 0 10 64 74 51 50 54 86 17 50 24 34 73 11 24 70 66 26 77 31 53 50 27 
10 12 27 10 0 5 79 48 81 33 15 33 69 74 71 45 94 48 12 15 17 48 48 26 26 92 
22 62 36 64 5 0 37 39 42 7 14 51 17 42 61 3 44 74 19 28 60 84 4 89 72 60 
7 64 1 74 79 37 0 19 100 83 27 76 95 30 17 24 40 8 47 90 12 93 38 33 21 84 
5 61 71 51 48 39 19 0 40 9 7 16 96 68 89 93 50 69 34 60 76 12 87 10 95 78 
47 63 47 50 81 42 100 40 0 47 46 8 42 61 74 30 7 27 35 33 98 69 43 86 62 2 
23 63 74 54 33 7 83 9 47 0 20 12 53 19 74 93 97 56 14 72 53 67 18 88 14 44 
49 37 48 86 15 14 27 7 46 20 0 16 86 43 25 5 12 96 9 94 74 88 5 4 75 20 
77 48 91 17 33 51 76 16 8 12 16 0 21 72 45 45 33 61 11 43 37 50 38 29 51 93 
30 84 53 50 69 17 95 96 42 53 86 21 0 94 19 27 6 83 92 86 38 44 31 91 39 70 
78 70 51 24 74 42 30 68 61 19 43 72 94 0 57 0 44 67 81 58 99 59 62 75 10 39 
50 69 10 34 71 61 17 89 74 74 25 45 19 57 0 24 50 11 28 83 35 14 8 50 60 56 
55 62 45 73 45 3 24 93 30 93 5 45 27 0 24 0 51 89 67 36 80 27 7 65 20 95 
15 44 9 11 94 44 40 50 7 97 12 33 6 44 50 51 0 28 89 16 46 66 15 42 75 90 
82 47 93 24 48 74 8 69 27 56 96 61 83 67 11 89 28 0 13 73 46 70 80 48 4 7 
23 74 42 70 12 19 47 34 35 14 9 11 92 81 28 67 89 13 0 70 20 75 41 63 20 20 
16 58 67 66 15 28 90 60 33 72 94 43 86 58 83 36 16 73 70 0 68 64 66 81 51 3 
63 65 38 26 17 60 12 76 98 53 74 37 38 99 35 80 46 46 20 68 0 15 37 95 22 23 
90 61 59 77 48 84 93 12 69 67 88 50 44 59 14 27 66 70 75 64 15 0 57 26 96 58 
16 0 14 31 48 4 38 87 43 18 5 38 31 62 8 7 15 80 41 66 37 57 0 90 48 79 
13 91 73 53 26 89 33 10 86 88 4 29 91 75 50 65 42 48 63 81 95 26 90 0 73 25 
44 87 99 50 26 72 21 95 62 14 75 51 39 10 60 20 75 4 20 51 22 96 48 73 0 75 
31 73 39 27 92 60 84 78 2 44 20 93 70 39 56 95 90 7 20 3 23 58 79 25 75 0 
RBBBRRRRRBBRBRRBBBBRRBRBRB
