24
0 21 64 19 57 66 74 42 32 20 35 46 2 43 81 72 58 53 23 88 56 51 32 95 
21 0 7 18 3 10 59 3 88 99 29 85 73 0 30 6 98 93 17 35 86 4 95 29 
64 7 0 57 100 6 83 2 33 3 45 96 72 22 56 15 10 51 100 53 93 30 47 44 
19 18 57 0 63 31 15 4 32 15 32 23 69 78 76 45 1 10 43 93 99 25 80 46 
57 3 100 63 0 62 19 86 72 62 18 54 46 4 94 59 56 60 50 61 46 53 75 65 
66 10 6 31 62 0 16 10 19 68 10 57 27 88 50 41 46 65 10 59 83 62 86 37 
74 59 83 15 19 16 0 45 8 41 58 63 66 38 21 88 7 64 80 95 95 71 8 71 
42 3 2 4 86 10 45 0 52 78 39 4 40 99 94 75 23 56 0 55 33 10 5 25 
32 88 33 32 72 19 8 52 0 66 82 19 13 50 76 85 5 11 54 95 4 12 31 66 
20 99 3 15 62 68 41 78 66 0 94 22 97 77 76 83 98 52 54 13 78 53 36 94 
35 29 45 32 18 10 58 39 82 94 0 93 17 41 83 24 76 26 40 2 90 92 40 2 
46 85 96 23 54 57 63 4 19 22 93 0 33 67 74 68 74 5 42 70 94 66 79 77 
2 73 72 69 46 27 66 40 13 97 17 33 0 72 33 57 59 17 12 43 96 42 83 80 
43 0 22 78 4 88 38 99 50 77 41 67 72 0 75 59 53 88 60 56 9 64 75 17 
81 30 56 76 94 50 21 94 76 76 83 74 33 75 0 41 92 85 29 21 84 28 28 80 
72 6 15 45 59 41 88 75 85 83 24 68 57 59 41 0 8 21 25 94 24 60 67 80 
58 98 10 1 56 46 7 23 5 98 76 74 59 53 92 8 0 71 21 11 70 19 88 5 
53 93 51 10 60 65 64 56 11 52 26 5 17 88 85 21 71 0 74 63 40 79 53 32 
23 17 100 43 50 10 80 0 54 54 40 42 12 60 29 25 21 74 0 81 72 91 75 99 
88 35 53 93 61 59 95 55 95 13 2 70 43 56 21 94 11 63 81 0 94 1 61 60 
56 86 93 99 46 83 95 33 4 78 90 94 96 9 84 24 70 40 72 94 0 60 59 89 
51 4 30 25 53 62 71 10 12 53 92 66 42 64 28 60 19 79 91 1 60 0 81 100 
32 95 47 80 75 86 8 5 31 36 40 79 83 75 28 67 88 53 75 61 59 81 0 74 
95 29 44 46 65 37 71 25 66 94 2 77 80 17 80 80 5 32 99 60 89 100 74 0 
RRRRBRBBRBBRBRBBBBBRRRRB
