24
0 20 1 94 79 89 46 66 66 34 20 61 12 49 32 69 0 61 43 67 74 0 79 23 
20 0 62 49 54 2 62 21 67 33 58 37 60 40 55 10 43 86 76 50 16 28 11 67 
1 62 0 88 46 18 43 97 6 42 41 28 73 40 4 11 67 51 47 8 66 52 90 46 
94 49 88 0 91 100 26 78 14 20 20 47 46 85 72 18 59 20 92 91 98 93 89 27 
79 54 46 91 0 83 67 58 36 92 17 69 35 46 70 27 51 94 22 7 54 81 75 60 
89 2 18 100 83 0 69 62 66 34 36 20 99 53 4 89 23 72 50 98 7 63 40 85 
46 62 43 26 67 69 0 85 86 32 26 91 98 41 50 63 51 55 88 59 85 66 87 39 
66 21 97 78 58 62 85 0 22 57 11 45 84 14 40 51 68 70 90 10 55 73 100 81 
66 67 6 14 36 66 86 22 0 75 40 59 22 77 71 46 52 57 85 61 19 57 91 52 
34 33 42 20 92 34 32 57 75 0 42 52 19 40 86 58 82 19 14 60 59 70 38 48 
20 58 41 20 17 36 26 11 40 42 0 5 95 87 0 12 95 62 3 92 42 88 81 9 
61 37 28 47 69 20 91 45 59 52 5 0 85 40 46 3 79 28 35 2 16 65 47 42 
12 60 73 46 35 99 98 84 22 19 95 85 0 82 44 61 60 47 9 20 56 18 55 10 
49 40 40 85 46 53 41 14 77 40 87 40 82 0 70 87 2 46 27 79 75 77 8 48 
32 55 4 72 70 4 50 40 71 86 0 46 44 70 0 25 9 49 84 74 27 40 32 5 
69 10 11 18 27 89 63 51 46 58 12 3 61 87 25 0 32 95 71 31 58 12 85 89 
0 43 67 59 51 23 51 68 52 82 95 79 60 2 9 32 0 91 43 52 76 51 56 20 
61 86 51 20 94 72 55 70 57 19 62 28 47 46 49 95 91 0 71 93 26 23 18 30 
43 76 47 92 22 50 88 90 85 14 3 35 9 27 84 71 43 71 0 80 92 39 39 64 
67 50 8 91 7 98 59 10 61 60 92 2 20 79 74 31 52 93 80 0 71 29 97 13 
74 16 66 98 54 7 85 55 19 59 42 16 56 75 27 58 76 26 92 71 0 92 51 84 
0 28 52 93 81 63 66 73 57 70 88 65 18 77 40 12 51 23 39 29 92 0 88 79 
79 11 90 89 75 40 87 100 91 38 81 47 55 8 32 85 56 18 39 97 51 88 0 27 
23 67 46 27 60 85 39 81 52 48 9 42 10 48 5 89 20 30 64 13 84 79 27 0 
RBBBRRRRBRRRRBBBBBBRBRBR
