20
0 20 57 75 85 60 24 20 62 89 100 69 58 94 58 7 26 8 100 8 
20 0 53 39 100 48 0 41 46 79 87 22 32 13 65 19 42 29 8 62 
57 53 0 83 63 81 91 60 5 31 55 98 33 76 75 28 85 74 95 25 
75 39 83 0 25 57 51 69 40 49 63 77 81 24 75 51 56 93 13 12 
85 100 63 25 0 60 67 57 33 93 73 92 7 87 26 71 31 23 33 13 
60 48 81 57 60 0 31 59 24 50 41 29 81 17 80 15 88 40 54 6 
24 0 91 51 67 31 0 73 3 53 27 54 86 8 1 69 58 88 91 22 
20 41 60 69 57 59 73 0 96 60 63 65 0 40 74 34 42 66 53 82 
62 46 5 40 33 24 3 96 0 8 63 4 16 83 16 7 72 26 15 85 
89 79 31 49 93 50 53 60 8 0 38 62 58 91 70 8 67 56 18 96 
100 87 55 63 73 41 27 63 63 38 0 29 51 96 50 34 41 46 55 26 
69 22 98 77 92 29 54 65 4 62 29 0 12 59 74 93 94 28 31 19 
58 32 33 81 7 81 86 0 16 58 51 12 0 7 61 61 50 30 6 2 
94 13 76 24 87 17 8 40 83 91 96 59 7 0 62 92 9 65 18 28 
58 65 75 75 26 80 1 74 16 70 50 74 61 62 0 45 70 49 13 83 
7 19 28 51 71 15 69 34 7 8 34 93 61 92 45 0 88 39 53 34 
26 42 85 56 31 88 58 42 72 67 41 94 50 9 70 88 0 32 29 14 
8 29 74 93 23 40 88 66 26 56 46 28 30 65 49 39 32 0 27 12 
100 8 95 13 33 54 91 53 15 18 55 31 6 18 13 53 29 27 0 48 
8 62 25 12 13 6 22 82 85 96 26 19 2 28 83 34 14 12 48 0 
RBBBBRBRBRBRRRRRBBBR
