20
0 67 89 13 80 72 78 9 32 81 52 55 14 86 82 23 96 26 57 46 
67 0 84 28 13 19 89 69 89 78 58 35 29 92 11 49 5 66 64 64 
89 84 0 57 8 86 89 10 35 87 67 2 2 9 29 91 16 35 44 35 
13 28 57 0 7 99 53 31 25 46 99 78 89 59 34 95 72 19 33 90 
80 13 8 7 0 93 68 27 85 90 74 51 86 72 19 80 8 76 19 28 
72 19 86 99 93 0 54 11 60 98 95 16 80 68 86 87 82 73 24 80 
78 89 89 53 68 54 0 36 31 17 54 63 44 8 96 75 9 76 48 77 
9 69 10 31 27 11 36 0 3 74 64 22 66 89 67 55 85 22 77 47 
32 89 35 25 85 60 31 3 0 31 55 32 49 69 75 40 31 55 55 7 
81 78 87 46 90 98 17 74 31 0 33 34 39 82 37 11 12 0 46 41 
52 58 67 99 74 95 54 64 55 33 0 97 55 9 29 92 41 73 55 45 
55 35 2 78 51 16 63 22 32 34 97 0 61 97 44 23 95 17 62 33 
14 29 2 89 86 80 44 66 49 39 55 61 0 65 34 98 42 69 35 21 
86 92 9 59 72 68 8 89 69 82 9 97 65 0 12 95 61 1 30 46 
82 11 29 34 19 86 96 67 75 37 29 44 34 12 0 20 44 2 50 5 
23 49 91 95 80 87 75 55 40 11 92 23 98 95 20 0 26 34 48 50 
96 5 16 72 8 82 9 85 31 12 41 95 42 61 44 26 0 58 88 27 
26 66 35 19 76 73 76 22 55 0 73 17 69 1 2 34 58 0 35 28 
57 64 44 33 19 24 48 77 55 46 55 62 35 30 50 48 88 35 0 66 
46 64 35 90 28 80 77 47 7 41 45 33 21 46 5 50 27 28 66 0 
BRRBRBRBBRRRRBBBRBRB
