18
0 95 30 18 73 29 77 61 43 20 5 41 47 46 79 69 65 64 
95 0 32 15 93 23 22 17 9 60 83 93 60 33 44 3 20 76 
30 32 0 67 92 0 77 63 15 27 75 12 71 18 99 85 12 89 
18 15 67 0 1 98 0 70 52 11 74 61 64 40 98 69 38 38 
73 93 92 1 0 48 62 54 6 90 48 76 98 34 97 21 18 88 
29 23 0 98 48 0 79 37 96 46 37 50 28 77 46 44 83 69 
77 22 77 0 62 79 0 99 85 38 38 95 5 56 9 65 92 61 
61 17 63 70 54 37 99 0 65 93 48 22 94 16 3 46 33 92 
43 9 15 52 6 96 85 65 0 72 21 16 36 87 4 100 24 80 
20 60 27 11 90 46 38 93 72 0 59 47 11 65 14 69 25 40 
5 83 75 74 48 37 38 48 21 59 0 39 35 53 6 29 87 79 
41 93 12 61 76 50 95 22 16 47 39 0 32 5 86 72 88 84 
47 60 71 64 98 28 5 94 36 11 35 32 0 30 3 84 68 19 
46 33 18 40 34 77 56 16 87 65 53 5 30 0 63 82 2 53 
79 44 99 98 97 46 9 3 4 14 6 86 3 63 0 69 67 48 
69 3 85 69 21 44 65 46 100 69 29 72 84 82 69 0 56 34 
65 20 12 38 18 83 92 33 24 25 87 88 68 2 67 56 0 16 
64 76 89 38 88 69 61 92 80 40 79 84 19 53 48 34 16 0 
BRBBRBRRRBBRRBRRBB
