28
0 78 82 14 92 71 69 11 74 62 85 16 91 90 24 71 9 17 34 11 2 16 8 42 62 66 100 43 
78 0 40 3 6 10 83 31 55 58 91 70 38 8 25 21 65 50 94 31 68 78 60 81 2 24 67 55 
82 40 0 99 63 12 66 37 50 8 13 75 79 8 86 79 48 30 91 58 51 52 41 92 50 7 42 29 
14 3 99 0 7 47 90 7 12 81 75 24 87 95 26 19 9 88 32 33 52 39 75 39 10 81 38 89 
92 6 63 7 0 9 29 41 66 25 85 57 11 79 75 15 42 70 90 53 18 14 36 1 3 95 29 84 
71 10 12 47 9 0 39 57 30 62 82 12 14 27 72 65 59 52 37 82 79 3 39 54 9 11 39 60 
69 83 66 90 29 39 0 27 92 61 68 35 97 16 46 100 20 39 65 43 74 85 51 96 85 74 83 27 
11 31 37 7 41 57 27 0 19 17 2 73 63 86 82 97 27 74 44 38 1 28 67 19 0 97 91 42 
74 55 50 12 66 30 92 19 0 43 91 46 88 28 100 48 57 33 75 32 62 37 75 5 14 48 24 23 
62 58 8 81 25 62 61 17 43 0 81 50 20 92 63 25 79 47 84 59 73 61 91 71 84 77 29 29 
85 91 13 75 85 82 68 2 91 81 0 67 22 67 28 84 6 51 71 80 92 65 59 64 96 16 85 37 
16 70 75 24 57 12 35 73 46 50 67 0 79 26 38 15 28 39 64 71 34 73 92 98 100 52 80 9 
91 38 79 87 11 14 97 63 88 20 22 79 0 23 76 67 77 76 39 52 1 14 28 71 32 68 71 34 
90 8 8 95 79 27 16 86 28 92 67 26 23 0 1 30 59 69 45 96 22 98 42 6 86 59 1 53 
24 25 86 26 75 72 46 82 100 63 28 38 76 1 0 88 86 45 100 3 34 16 82 65 25 60 5 51 
71 21 79 19 15 65 100 97 48 25 84 15 67 30 88 0 90 73 87 42 60 66 51 95 80 48 72 82 
9 65 48 9 42 59 20 27 57 79 6 28 77 59 86 90 0 87 78 10 11 90 78 21 55 87 44 14 
17 50 30 88 70 52 39 74 33 47 51 39 76 69 45 73 87 0 16 52 82 64 20 46 57 5 59 53 
34 94 91 32 90 37 65 44 75 84 71 64 39 45 100 87 78 16 0 92 12 91 63 87 19 17 37 93 
11 31 58 33 53 82 43 38 32 59 80 71 52 96 3 42 10 52 92 0 97 56 26 85 70 30 80 8 
2 68 51 52 18 79 74 1 62 73 92 34 1 22 34 60 11 82 12 97 0 83 59 79 5 77 81 80 
16 78 52 39 14 3 85 28 37 61 65 73 14 98 16 66 90 64 91 56 83 0 86 43 19 10 53 54 
8 60 41 75 36 39 51 67 75 91 59 92 28 42 82 51 78 20 63 26 59 86 0 20 42 87 61 35 
42 81 92 39 1 54 96 19 5 71 64 98 71 6 65 95 21 46 87 85 79 43 20 0 46 47 17 9 
62 2 50 10 3 9 85 0 14 84 96 100 32 86 25 80 55 57 19 70 5 19 42 46 0 52 94 5 
66 24 7 81 95 11 74 97 48 77 16 52 68 59 60 48 87 5 17 30 77 10 87 47 52 0 75 76 
100 67 42 38 29 39 83 91 24 29 85 80 71 1 5 72 44 59 37 80 81 53 61 17 94 75 0 62 
43 55 29 89 84 60 27 42 23 29 37 9 34 53 51 82 14 53 93 8 80 54 35 9 5 76 62 0 
RRBRBRBBBRBBRBRBRRBRRBBRRBBR
