28
0 31 1 7 40 49 44 30 74 68 97 51 92 64 43 21 99 85 48 31 12 46 2 37 20 10 83 89 
31 0 15 60 27 10 79 74 40 15 1 59 83 32 86 51 100 32 4 38 97 81 55 66 97 59 82 19 
1 15 0 5 78 21 64 88 14 38 46 15 99 72 1 80 28 67 60 61 47 100 11 91 23 40 18 3 
7 60 5 0 13 3 65 92 31 12 18 80 70 32 38 17 14 84 79 76 8 56 39 33 45 44 62 42 
40 27 78 13 0 71 20 95 37 74 90 76 41 4 19 59 79 90 9 65 5 57 83 81 63 62 99 89 
49 10 21 3 71 0 90 53 32 47 4 81 19 31 72 17 58 33 62 84 45 32 43 24 11 28 87 94 
44 79 64 65 20 90 0 78 75 57 58 83 49 83 46 45 3 43 72 99 81 89 41 91 41 83 3 97 
30 74 88 92 95 53 78 0 26 43 21 46 45 65 99 24 77 20 85 56 7 64 98 90 68 55 49 27 
74 40 14 31 37 32 75 26 0 35 93 68 83 73 7 0 53 94 98 35 2 13 3 82 71 15 34 43 
68 15 38 12 74 47 57 43 35 0 61 15 11 10 11 98 67 33 64 52 24 39 79 91 21 58 92 14 
97 1 46 18 90 4 58 21 93 61 0 37 1 28 70 68 62 6 80 54 55 46 28 68 89 92 38 72 
51 59 15 80 76 81 83 46 68 15 37 0 67 19 34 3 10 11 9 83 91 24 4 33 27 92 71 36 
92 83 99 70 41 19 49 45 83 11 1 67 0 39 49 5 55 86 27 30 90 35 64 12 48 2 95 7 
64 32 72 32 4 31 83 65 73 10 28 19 39 0 9 49 94 47 87 70 81 4 87 29 62 67 79 93 
43 86 1 38 19 72 46 99 7 11 70 34 49 9 0 14 11 1 11 15 57 76 17 64 25 92 46 47 
21 51 80 17 59 17 45 24 0 98 68 3 5 49 14 0 26 3 68 55 60 65 31 67 94 34 59 49 
99 100 28 14 79 58 3 77 53 67 62 10 55 94 11 26 0 15 23 87 98 93 21 75 52 14 97 36 
85 32 67 84 90 33 43 20 94 33 6 11 86 47 1 3 15 0 97 62 76 82 22 63 37 0 59 28 
48 4 60 79 9 62 72 85 98 64 80 9 27 87 11 68 23 97 0 56 82 19 59 30 85 8 9 55 
31 38 61 76 65 84 99 56 35 52 54 83 30 70 15 55 87 62 56 0 29 69 26 44 92 100 49 29 
12 97 47 8 5 45 81 7 2 24 55 91 90 81 57 60 98 76 82 29 0 91 53 73 71 35 20 99 
46 81 100 56 57 32 89 64 13 39 46 24 35 4 76 65 93 82 19 69 91 0 23 25 8 30 40 4 
2 55 11 39 83 43 41 98 3 79 28 4 64 87 17 31 21 22 59 26 53 23 0 3 59 59 84 69 
37 66 91 33 81 24 91 90 82 91 68 33 12 29 64 67 75 63 30 44 73 25 3 0 71 28 77 64 
20 97 23 45 63 11 41 68 71 21 89 27 48 62 25 94 52 37 85 92 71 8 59 71 0 25 15 18 
10 59 40 44 62 28 83 55 15 58 92 92 2 67 92 34 14 0 8 100 35 30 59 28 25 0 41 93 
83 82 18 62 99 87 3 49 34 92 38 71 95 79 46 59 97 59 9 49 20 40 84 77 15 41 0 85 
89 19 3 42 89 94 97 27 43 14 72 36 7 93 47 49 36 28 55 29 99 4 69 64 18 93 85 0 
BBRRBRRBBRRBRBRRRBBBRRRBBBBR
