18
0 81 19 86 8 98 45 96 17 0 99 34 10 58 93 80 92 17 
81 0 81 48 64 53 36 80 15 39 56 76 12 92 26 63 32 74 
19 81 0 37 32 5 45 98 58 81 5 66 37 57 92 97 59 75 
86 48 37 0 34 23 11 47 62 67 29 14 49 86 39 98 73 12 
8 64 32 34 0 26 66 87 53 58 22 74 33 10 93 32 85 70 
98 53 5 23 26 0 24 30 94 65 72 3 9 50 25 21 1 52 
45 36 45 11 66 24 0 87 2 17 72 76 74 2 50 52 1 70 
96 80 98 47 87 30 87 0 51 66 79 27 22 38 11 91 71 36 
17 15 58 62 53 94 2 51 0 92 13 18 66 25 61 36 26 21 
0 39 81 67 58 65 17 66 92 0 65 86 40 1 44 69 57 47 
99 56 5 29 22 72 72 79 13 65 0 70 98 0 97 65 10 33 
34 76 66 14 74 3 76 27 18 86 70 0 81 52 63 44 46 30 
10 12 37 49 33 9 74 22 66 40 98 81 0 60 14 36 57 34 
58 92 57 86 10 50 2 38 25 1 0 52 60 0 24 12 40 98 
93 26 92 39 93 25 50 11 61 44 97 63 14 24 0 93 26 15 
80 63 97 98 32 21 52 91 36 69 65 44 36 12 93 0 63 34 
92 32 59 73 85 1 1 71 26 57 10 46 57 40 26 63 0 84 
17 74 75 12 70 52 70 36 21 47 33 30 34 98 15 34 84 0 
RBBBBRRRRRBBBBRRBR
