28
0 83 35 63 87 98 64 39 15 98 48 54 35 47 62 65 66 18 60 40 50 28 99 6 67 16 59 91 
83 0 88 85 70 94 76 34 48 7 75 59 69 19 27 84 57 79 26 4 59 37 12 31 29 27 83 47 
35 88 0 31 72 74 68 34 74 36 43 97 79 32 62 34 38 82 26 51 52 98 69 16 66 12 42 70 
63 85 31 0 100 62 45 38 7 50 9 81 23 83 58 12 81 51 45 78 73 27 7 90 3 91 63 23 
87 70 72 100 0 76 46 64 87 29 16 24 39 1 96 15 81 55 44 32 56 72 11 59 77 56 97 10 
98 94 74 62 76 0 20 60 83 82 56 86 21 46 71 92 40 71 17 74 38 62 5 62 14 71 24 81 
64 76 68 45 46 20 0 31 37 74 39 37 68 20 39 7 13 68 32 4 88 34 36 1 86 81 62 75 
39 34 34 38 64 60 31 0 56 62 14 22 51 38 12 70 75 94 80 77 4 23 73 67 19 75 61 97 
15 48 74 7 87 83 37 56 0 92 35 30 0 96 73 99 68 84 10 77 11 94 90 89 11 8 14 10 
98 7 36 50 29 82 74 62 92 0 11 52 4 43 37 32 94 69 34 49 79 8 28 18 68 17 9 19 
48 75 43 9 16 56 39 14 35 11 0 45 16 27 12 5 80 78 84 26 37 91 92 15 51 23 100 41 
54 59 97 81 24 86 37 22 30 52 45 0 48 76 28 32 26 85 15 85 37 81 48 52 65 43 88 74 
35 69 79 23 39 21 68 51 0 4 16 48 0 80 80 8 46 75 84 29 12 3 35 22 50 14 100 36 
47 19 32 83 1 46 20 38 96 43 27 76 80 0 76 76 22 5 69 46 28 4 87 74 87 24 87 98 
62 27 62 58 96 71 39 12 73 37 12 28 80 76 0 100 53 55 48 3 70 17 56 6 33 35 72 22 
65 84 34 12 15 92 7 70 99 32 5 32 8 76 100 0 40 80 91 39 18 19 22 43 79 40 36 39 
66 57 38 81 81 40 13 75 68 94 80 26 46 22 53 40 0 38 25 17 33 63 39 1 17 94 62 13 
18 79 82 51 55 71 68 94 84 69 78 85 75 5 55 80 38 0 41 45 94 70 57 4 80 69 16 43 
60 26 26 45 44 17 32 80 10 34 84 15 84 69 48 91 25 41 0 98 11 26 43 16 69 9 44 18 
40 4 51 78 32 74 4 77 77 49 26 85 29 46 3 39 17 45 98 0 55 50 87 63 85 60 62 30 
50 59 52 73 56 38 88 4 11 79 37 37 12 28 70 18 33 94 11 55 0 65 41 57 77 38 73 4 
28 37 98 27 72 62 34 23 94 8 91 81 3 4 17 19 63 70 26 50 65 0 66 27 81 74 24 51 
99 12 69 7 11 5 36 73 90 28 92 48 35 87 56 22 39 57 43 87 41 66 0 94 92 39 98 0 
6 31 16 90 59 62 1 67 89 18 15 52 22 74 6 43 1 4 16 63 57 27 94 0 66 46 69 66 
67 29 66 3 77 14 86 19 11 68 51 65 50 87 33 79 17 80 69 85 77 81 92 66 0 69 95 96 
16 27 12 91 56 71 81 75 8 17 23 43 14 24 35 40 94 69 9 60 38 74 39 46 69 0 48 98 
59 83 42 63 97 24 62 61 14 9 100 88 100 87 72 36 62 16 44 62 73 24 98 69 95 48 0 3 
91 47 70 23 10 81 75 97 10 19 41 74 36 98 22 39 13 43 18 30 4 51 0 66 96 98 3 0 
BBRBRBBRRBBBRRRRBRRBRRRBBBRB
