22
0 32 21 84 65 30 32 30 36 52 57 27 15 22 47 35 15 77 89 48 93 93 
32 0 19 36 55 53 83 1 77 49 97 19 53 36 14 49 59 85 53 99 82 73 
21 19 0 23 86 41 42 30 40 19 25 79 56 34 68 27 12 33 47 46 26 91 
84 36 23 0 5 72 74 67 90 83 54 73 72 53 31 94 11 87 76 8 63 46 
65 55 86 5 0 33 100 37 5 2 100 59 65 6 64 13 71 37 28 61 99 82 
30 53 41 72 33 0 77 53 41 86 74 59 74 53 71 83 94 37 6 35 30 5 
32 83 42 74 100 77 0 6 82 79 43 51 78 81 62 19 97 75 76 65 82 91 
30 1 30 67 37 53 6 0 65 12 82 86 83 19 45 30 57 69 35 32 75 21 
36 77 40 90 5 41 82 65 0 98 53 22 91 37 44 25 55 84 89 84 68 47 
52 49 19 83 2 86 79 12 98 0 92 22 35 97 93 71 14 12 79 44 58 85 
57 97 25 54 100 74 43 82 53 92 0 78 26 33 67 29 36 32 97 91 67 96 
27 19 79 73 59 59 51 86 22 22 78 0 88 82 41 37 89 6 47 14 36 52 
15 53 56 72 65 74 78 83 91 35 26 88 0 2 97 60 8 13 16 98 15 42 
22 36 34 53 6 53 81 19 37 97 33 82 2 0 57 79 81 8 87 43 54 16 
47 14 68 31 64 71 62 45 44 93 67 41 97 57 0 37 86 1 33 87 44 99 
35 49 27 94 13 83 19 30 25 71 29 37 60 79 37 0 100 69 53 99 92 65 
15 59 12 11 71 94 97 57 55 14 36 89 8 81 86 100 0 24 47 89 14 9 
77 85 33 87 37 37 75 69 84 12 32 6 13 8 1 69 24 0 5 76 89 62 
89 53 47 76 28 6 76 35 89 79 97 47 16 87 33 53 47 5 0 22 49 22 
48 99 46 8 61 35 65 32 84 44 91 14 98 43 87 99 89 76 22 0 56 34 
93 82 26 63 99 30 82 75 68 58 67 36 15 54 44 92 14 89 49 56 0 94 
93 73 91 46 82 5 91 21 47 85 96 52 42 16 99 65 9 62 22 34 94 0 
BBBRRRBRRRRRBBBBRBRRBB
