26
0 60 68 66 52 68 50 77 28 90 17 57 1 86 88 58 29 98 88 95 15 84 37 69 94 2 
60 0 67 46 43 13 82 20 80 45 83 46 88 13 62 18 49 86 58 36 87 48 98 76 75 75 
68 67 0 36 97 59 78 28 35 78 2 19 95 34 19 64 73 37 13 22 74 96 46 83 31 81 
66 46 36 0 50 73 86 36 3 77 8 9 96 14 97 85 6 92 31 88 55 35 59 34 70 95 
52 43 97 50 0 49 58 8 66 48 41 36 56 16 36 9 80 43 77 93 30 34 73 56 80 98 
68 13 59 73 49 0 49 25 60 72 99 44 76 33 95 84 41 41 71 97 31 92 40 66 40 81 
50 82 78 86 58 49 0 25 28 60 83 5 43 35 54 26 16 67 43 97 20 37 24 94 6 46 
77 20 28 36 8 25 25 0 7 45 59 95 10 98 85 70 61 97 77 13 58 48 49 79 56 34 
28 80 35 3 66 60 28 7 0 43 64 12 96 97 26 40 6 77 96 60 57 14 78 37 94 14 
90 45 78 77 48 72 60 45 43 0 8 59 10 33 50 79 28 46 52 34 74 2 96 34 60 35 
17 83 2 8 41 99 83 59 64 8 0 63 80 56 40 94 9 32 85 42 59 7 43 46 100 82 
57 46 19 9 36 44 5 95 12 59 63 0 13 26 63 17 66 28 64 61 91 34 45 19 67 74 
1 88 95 96 56 76 43 10 96 10 80 13 0 98 93 92 100 52 81 9 77 84 12 17 0 75 
86 13 34 14 16 33 35 98 97 33 56 26 98 0 99 42 80 19 35 37 35 15 77 13 19 51 
88 62 19 97 36 95 54 85 26 50 40 63 93 99 0 16 16 82 19 39 72 0 76 33 91 3 
58 18 64 85 9 84 26 70 40 79 94 17 92 42 16 0 92 30 11 34 49 12 0 7 82 15 
29 49 73 6 80 41 16 61 6 28 9 66 100 80 16 92 0 57 49 8 53 20 6 78 16 75 
98 86 37 92 43 41 67 97 77 46 32 28 52 19 82 30 57 0 27 47 97 76 95 57 82 34 
88 58 13 31 77 71 43 77 96 52 85 64 81 35 19 11 49 27 0 32 15 90 92 97 79 2 
95 36 22 88 93 97 97 13 60 34 42 61 9 37 39 34 8 47 32 0 76 43 2 69 46 48 
15 87 74 55 30 31 20 58 57 74 59 91 77 35 72 49 53 97 15 76 0 72 87 35 92 90 
84 48 96 35 34 92 37 48 14 2 7 34 84 15 0 12 20 76 90 43 72 0 4 87 82 64 
37 98 46 59 73 40 24 49 78 96 43 45 12 77 76 0 6 95 92 2 87 4 0 61 18 61 
69 76 83 34 56 66 94 79 37 34 46 19 17 13 33 7 78 57 97 69 35 87 61 0 49 1 
94 75 31 70 80 40 6 56 94 60 100 67 0 19 91 82 16 82 79 46 92 82 18 49 0 90 
2 75 81 95 98 81 46 34 14 35 82 74 75 51 3 15 75 34 2 48 90 64 61 1 90 0 
RBBRBRRRRBBBRRBRBRBRBRBBBR
