30
0 35 18 91 71 77 82 34 73 78 38 53 81 74 3 7 42 70 79 24 51 23 51 80 99 45 93 81 36 87 
35 0 83 96 90 12 82 41 38 79 26 2 51 69 51 84 49 20 63 76 40 3 42 22 54 3 94 33 82 31 
18 83 0 49 57 37 26 40 66 13 23 93 72 23 7 69 17 59 92 69 52 1 52 30 16 49 30 25 47 15 
91 96 49 0 95 49 46 63 59 34 87 77 51 50 57 69 20 80 24 33 44 18 22 73 31 6 63 79 16 85 
71 90 57 95 0 24 69 94 74 22 83 56 67 43 47 3 56 10 33 2 54 43 7 18 26 70 62 13 55 10 
77 12 37 49 24 0 2 59 7 36 56 15 34 80 30 59 100 61 97 93 29 24 40 56 18 65 90 81 88 3 
82 82 26 46 69 2 0 68 37 37 42 45 92 30 1 62 62 55 77 60 27 91 70 45 46 33 45 73 66 80 
34 41 40 63 94 59 68 0 98 85 85 38 65 26 23 69 3 37 13 52 79 61 41 64 53 49 49 75 23 78 
73 38 66 59 74 7 37 98 0 18 77 50 59 76 21 54 15 0 44 43 38 23 95 96 39 48 36 96 79 93 
78 79 13 34 22 36 37 85 18 0 27 31 23 40 31 71 89 34 26 6 54 65 1 8 36 16 60 31 16 94 
38 26 23 87 83 56 42 85 77 27 0 42 46 21 45 65 58 5 82 96 14 63 22 63 14 48 2 87 99 47 
53 2 93 77 56 15 45 38 50 31 42 0 11 83 33 42 92 95 83 70 29 15 27 21 46 33 9 39 53 68 
81 51 72 51 67 34 92 65 59 23 46 11 0 3 14 0 66 63 82 16 8 93 32 54 26 72 14 35 26 73 
74 69 23 50 43 80 30 26 76 40 21 83 3 0 9 75 40 41 98 63 41 8 46 38 65 49 87 70 63 27 
3 51 7 57 47 30 1 23 21 31 45 33 14 9 0 83 83 98 50 81 29 75 80 96 91 49 27 49 23 75 
7 84 69 69 3 59 62 69 54 71 65 42 0 75 83 0 68 49 81 88 36 77 67 95 19 32 10 90 100 100 
42 49 17 20 56 100 62 3 15 89 58 92 66 40 83 68 0 12 52 71 6 29 64 70 100 41 98 70 2 33 
70 20 59 80 10 61 55 37 0 34 5 95 63 41 98 49 12 0 66 80 34 25 45 80 53 47 95 82 4 30 
79 63 92 24 33 97 77 13 44 26 82 83 82 98 50 81 52 66 0 20 81 86 52 28 88 73 63 67 44 11 
24 76 69 33 2 93 60 52 43 6 96 70 16 63 81 88 71 80 20 0 56 80 25 30 74 86 88 5 38 28 
51 40 52 44 54 29 27 79 38 54 14 29 8 41 29 36 6 34 81 56 0 84 72 61 72 63 85 43 56 40 
23 3 1 18 43 24 91 61 23 65 63 15 93 8 75 77 29 25 86 80 84 0 13 86 32 48 43 24 51 44 
51 42 52 22 7 40 70 41 95 1 22 27 32 46 80 67 64 45 52 25 72 13 0 77 73 66 18 14 9 48 
80 22 30 73 18 56 45 64 96 8 63 21 54 38 96 95 70 80 28 30 61 86 77 0 66 100 47 37 50 62 
99 54 16 31 26 18 46 53 39 36 14 46 26 65 91 19 100 53 88 74 72 32 73 66 0 52 51 47 16 32 
45 3 49 6 70 65 33 49 48 16 48 33 72 49 49 32 41 47 73 86 63 48 66 100 52 0 30 88 8 35 
93 94 30 63 62 90 45 49 36 60 2 9 14 87 27 10 98 95 63 88 85 43 18 47 51 30 0 36 20 52 
81 33 25 79 13 81 73 75 96 31 87 39 35 70 49 90 70 82 67 5 43 24 14 37 47 88 36 0 22 74 
36 82 47 16 55 88 66 23 79 16 99 53 26 63 23 100 2 4 44 38 56 51 9 50 16 8 20 22 0 4 
87 31 15 85 10 3 80 78 93 94 47 68 73 27 75 100 33 30 11 28 40 44 48 62 32 35 52 74 4 0 
RBBBRBBBRRBRRRBRBBRRBBRBRRBBRR
