16
0 96 86 31 16 96 15 66 68 79 24 64 14 21 57 7 
96 0 50 50 14 35 98 55 60 5 11 3 21 83 38 51 
86 50 0 34 92 9 33 58 72 35 8 66 54 100 15 63 
31 50 34 0 43 31 41 12 25 65 33 82 32 16 43 36 
16 14 92 43 0 50 32 92 37 2 13 85 80 30 14 18 
96 35 9 31 50 0 63 58 86 3 74 43 43 46 88 5 
15 98 33 41 32 63 0 44 49 93 33 97 86 61 9 60 
66 55 58 12 92 58 44 0 63 38 81 60 48 86 97 55 
68 60 72 25 37 86 49 63 0 86 66 41 67 62 47 74 
79 5 35 65 2 3 93 38 86 0 36 5 77 80 73 63 
24 11 8 33 13 74 33 81 66 36 0 21 65 60 16 92 
64 3 66 82 85 43 97 60 41 5 21 0 34 28 51 82 
14 21 54 32 80 43 86 48 67 77 65 34 0 52 6 4 
21 83 100 16 30 46 61 86 62 80 60 28 52 0 4 40 
57 38 15 43 14 88 9 97 47 73 16 51 6 4 0 16 
7 51 63 36 18 5 60 55 74 63 92 82 4 40 16 0 
RBRRBBRRBBBBRRBR
