30
0 90 42 82 12 93 4 17 69 68 10 100 22 22 92 12 53 64 40 43 64 69 44 73 35 63 3 69 34 14 
90 0 56 45 5 50 99 23 23 30 30 64 8 32 60 58 22 77 39 53 71 48 10 71 83 4 22 89 23 63 
42 56 0 3 96 55 83 12 22 35 7 88 52 37 54 14 69 14 77 12 60 82 36 42 92 7 73 41 32 71 
82 45 3 0 75 89 25 35 97 82 79 70 98 48 29 52 37 45 74 65 51 56 10 44 87 100 88 3 62 100 
12 5 96 75 0 98 51 57 28 85 91 62 50 46 91 45 15 51 3 23 58 44 87 16 29 70 10 80 59 49 
93 50 55 89 98 0 82 35 7 30 24 64 82 99 20 42 77 55 1 2 96 94 37 31 28 73 46 11 68 39 
4 99 83 25 51 82 0 78 89 86 6 58 88 15 82 92 38 6 75 36 72 40 46 34 75 99 27 62 68 70 
17 23 12 35 57 35 78 0 72 46 12 25 55 91 38 88 28 51 78 47 54 58 1 3 2 65 61 96 87 48 
69 23 22 97 28 7 89 72 0 12 44 55 96 6 78 88 96 71 16 93 71 39 89 24 14 27 67 20 24 3 
68 30 35 82 85 30 86 46 12 0 87 12 63 87 90 10 100 50 80 74 49 9 14 60 40 26 89 14 90 75 
10 30 7 79 91 24 6 12 44 87 0 88 29 48 86 5 56 52 46 75 38 77 76 80 16 24 56 2 100 41 
100 64 88 70 62 64 58 25 55 12 88 0 78 10 27 78 11 22 71 96 34 95 44 32 1 5 15 64 24 69 
22 8 52 98 50 82 88 55 96 63 29 78 0 43 53 58 58 7 92 60 20 78 1 32 20 54 54 50 63 48 
22 32 37 48 46 99 15 91 6 87 48 10 43 0 16 76 79 50 66 43 69 36 43 92 4 73 74 65 61 27 
92 60 54 29 91 20 82 38 78 90 86 27 53 16 0 83 70 95 17 44 6 68 93 4 97 9 70 30 97 4 
12 58 14 52 45 42 92 88 88 10 5 78 58 76 83 0 78 52 87 77 22 46 10 59 29 79 43 76 6 56 
53 22 69 37 15 77 38 28 96 100 56 11 58 79 70 78 0 22 12 50 71 44 52 10 37 8 5 46 3 42 
64 77 14 45 51 55 6 51 71 50 52 22 7 50 95 52 22 0 90 81 54 13 12 22 34 50 84 93 87 10 
40 39 77 74 3 1 75 78 16 80 46 71 92 66 17 87 12 90 0 81 12 29 46 89 2 68 76 71 30 34 
43 53 12 65 23 2 36 47 93 74 75 96 60 43 44 77 50 81 81 0 24 91 38 54 97 24 15 15 51 12 
64 71 60 51 58 96 72 54 71 49 38 34 20 69 6 22 71 54 12 24 0 39 65 32 18 63 49 21 44 96 
69 48 82 56 44 94 40 58 39 9 77 95 78 36 68 46 44 13 29 91 39 0 63 67 10 63 18 40 23 17 
44 10 36 10 87 37 46 1 89 14 76 44 1 43 93 10 52 12 46 38 65 63 0 59 17 60 90 0 63 42 
73 71 42 44 16 31 34 3 24 60 80 32 32 92 4 59 10 22 89 54 32 67 59 0 93 93 45 54 80 5 
35 83 92 87 29 28 75 2 14 40 16 1 20 4 97 29 37 34 2 97 18 10 17 93 0 39 98 13 8 33 
63 4 7 100 70 73 99 65 27 26 24 5 54 73 9 79 8 50 68 24 63 63 60 93 39 0 21 10 59 0 
3 22 73 88 10 46 27 61 67 89 56 15 54 74 70 43 5 84 76 15 49 18 90 45 98 21 0 98 52 7 
69 89 41 3 80 11 62 96 20 14 2 64 50 65 30 76 46 93 71 15 21 40 0 54 13 10 98 0 79 69 
34 23 32 62 59 68 68 87 24 90 100 24 63 61 97 6 3 87 30 51 44 23 63 80 8 59 52 79 0 57 
14 63 71 100 49 39 70 48 3 75 41 69 48 27 4 56 42 10 34 12 96 17 42 5 33 0 7 69 57 0 
RBBRBBRRRBRBBBRRRBRRBBRBBRRRBB
