20
0 56 80 7 92 55 43 84 81 76 52 53 97 19 13 29 72 68 6 80 
56 0 63 79 33 82 28 7 55 69 82 94 97 18 76 76 45 14 71 84 
80 63 0 78 47 46 34 88 78 96 38 57 46 16 40 89 22 42 95 89 
7 79 78 0 85 88 1 40 9 12 31 100 23 49 80 33 90 98 72 71 
92 33 47 85 0 49 15 70 78 88 54 38 99 85 70 21 34 52 18 12 
55 82 46 88 49 0 74 12 1 38 47 15 36 89 83 80 63 94 94 46 
43 28 34 1 15 74 0 98 68 28 75 77 100 40 37 12 8 82 56 94 
84 7 88 40 70 12 98 0 49 16 64 64 18 26 40 47 72 5 99 94 
81 55 78 9 78 1 68 49 0 71 19 72 40 85 19 95 13 55 86 77 
76 69 96 12 88 38 28 16 71 0 61 64 36 64 97 97 35 29 47 79 
52 82 38 31 54 47 75 64 19 61 0 39 78 37 42 58 36 73 15 4 
53 94 57 100 38 15 77 64 72 64 39 0 78 85 28 11 90 38 33 26 
97 97 46 23 99 36 100 18 40 36 78 78 0 7 92 12 99 12 31 29 
19 18 16 49 85 89 40 26 85 64 37 85 7 0 99 20 98 45 95 73 
13 76 40 80 70 83 37 40 19 97 42 28 92 99 0 89 5 76 45 44 
29 76 89 33 21 80 12 47 95 97 58 11 12 20 89 0 73 22 39 98 
72 45 22 90 34 63 8 72 13 35 36 90 99 98 5 73 0 2 59 26 
68 14 42 98 52 94 82 5 55 29 73 38 12 45 76 22 2 0 17 24 
6 71 95 72 18 94 56 99 86 47 15 33 31 95 45 39 59 17 0 99 
80 84 89 71 12 46 94 94 77 79 4 26 29 73 44 98 26 24 99 0 
RBRBRRRBRBRRRBBBBBRB
