28
0 20 56 1 29 38 15 1 90 4 48 74 31 15 22 43 54 55 15 57 73 65 91 78 98 67 36 41 
20 0 98 27 65 72 14 62 78 2 20 80 67 28 60 20 78 78 12 2 82 47 64 100 28 69 53 95 
56 98 0 15 23 100 85 25 78 84 75 71 85 21 30 39 72 8 97 13 78 9 90 52 9 52 97 88 
1 27 15 0 12 4 1 8 1 89 14 74 48 56 12 98 53 38 38 43 5 36 4 13 99 32 47 65 
29 65 23 12 0 63 76 36 76 50 37 60 43 73 36 75 62 75 40 43 0 78 56 89 54 31 4 94 
38 72 100 4 63 0 36 78 93 4 32 81 53 11 70 3 42 68 22 26 0 53 72 45 24 8 36 27 
15 14 85 1 76 36 0 79 82 51 51 2 25 73 12 91 2 86 14 93 89 22 97 26 2 33 30 97 
1 62 25 8 36 78 79 0 41 31 47 67 90 78 73 58 43 20 9 86 59 98 78 83 31 39 1 78 
90 78 78 1 76 93 82 41 0 10 74 53 6 6 99 18 85 62 26 16 14 4 90 60 51 73 34 66 
4 2 84 89 50 4 51 31 10 0 78 40 23 81 58 34 70 38 45 97 39 44 96 38 14 12 23 54 
48 20 75 14 37 32 51 47 74 78 0 13 78 49 29 26 21 20 37 74 24 85 76 87 48 36 61 46 
74 80 71 74 60 81 2 67 53 40 13 0 12 71 87 72 20 76 79 87 77 78 38 26 71 58 19 25 
31 67 85 48 43 53 25 90 6 23 78 12 0 28 47 42 30 80 85 56 18 73 39 62 41 96 34 31 
15 28 21 56 73 11 73 78 6 81 49 71 28 0 61 30 44 5 29 48 15 77 73 22 50 99 72 68 
22 60 30 12 36 70 12 73 99 58 29 87 47 61 0 55 25 86 50 94 52 70 64 18 84 21 47 93 
43 20 39 98 75 3 91 58 18 34 26 72 42 30 55 0 49 44 2 62 47 36 84 31 12 36 70 57 
54 78 72 53 62 42 2 43 85 70 21 20 30 44 25 49 0 65 91 91 34 38 43 75 40 22 58 49 
55 78 8 38 75 68 86 20 62 38 20 76 80 5 86 44 65 0 64 6 97 65 47 41 99 57 73 21 
15 12 97 38 40 22 14 9 26 45 37 79 85 29 50 2 91 64 0 8 10 58 35 93 54 90 4 100 
57 2 13 43 43 26 93 86 16 97 74 87 56 48 94 62 91 6 8 0 48 29 45 22 79 26 74 41 
73 82 78 5 0 0 89 59 14 39 24 77 18 15 52 47 34 97 10 48 0 15 9 12 91 52 48 13 
65 47 9 36 78 53 22 98 4 44 85 78 73 77 70 36 38 65 58 29 15 0 3 14 100 74 71 68 
91 64 90 4 56 72 97 78 90 96 76 38 39 73 64 84 43 47 35 45 9 3 0 16 27 44 72 11 
78 100 52 13 89 45 26 83 60 38 87 26 62 22 18 31 75 41 93 22 12 14 16 0 10 55 19 63 
98 28 9 99 54 24 2 31 51 14 48 71 41 50 84 12 40 99 54 79 91 100 27 10 0 30 18 60 
67 69 52 32 31 8 33 39 73 12 36 58 96 99 21 36 22 57 90 26 52 74 44 55 30 0 75 2 
36 53 97 47 4 36 30 1 34 23 61 19 34 72 47 70 58 73 4 74 48 71 72 19 18 75 0 19 
41 95 88 65 94 27 97 78 66 54 46 25 31 68 93 57 49 21 100 41 13 68 11 63 60 2 19 0 
RRBBBRBRBBBRBRRRRRBBBRBBRBRR
