16
0 76 18 0 92 90 91 21 18 15 65 81 44 52 24 70 
76 0 13 95 7 81 11 23 26 91 49 3 69 16 67 89 
18 13 0 37 13 52 32 55 71 76 45 69 33 49 96 21 
0 95 37 0 83 34 29 33 32 21 8 95 50 54 37 43 
92 7 13 83 0 67 81 2 27 68 84 56 44 34 96 3 
90 81 52 34 67 0 60 70 37 46 28 80 70 28 78 9 
91 11 32 29 81 60 0 43 91 11 4 39 78 66 51 32 
21 23 55 33 2 70 43 0 59 45 68 100 23 27 46 42 
18 26 71 32 27 37 91 59 0 89 3 19 86 77 75 97 
15 91 76 21 68 46 11 45 89 0 85 92 36 46 75 11 
65 49 45 8 84 28 4 68 3 85 0 53 55 89 99 79 
81 3 69 95 56 80 39 100 19 92 53 0 11 17 54 37 
44 69 33 50 44 70 78 23 86 36 55 11 0 52 43 3 
52 16 49 54 34 28 66 27 77 46 89 17 52 0 91 64 
24 67 96 37 96 78 51 46 75 75 99 54 43 91 0 48 
70 89 21 43 3 9 32 42 97 11 79 37 3 64 48 0 
RRRRRBRBRBBBBBBR
