16
0 42 66 85 56 91 41 77 7 49 41 79 93 0 77 47 
42 0 80 24 12 70 47 29 92 11 12 68 23 99 22 36 
66 80 0 3 59 7 81 43 23 100 85 96 73 45 74 33 
85 24 3 0 25 50 89 47 50 26 67 49 37 39 15 42 
56 12 59 25 0 51 42 7 30 88 57 57 44 78 28 53 
91 70 7 50 51 0 88 1 68 43 68 71 92 12 97 68 
41 47 81 89 42 88 0 42 74 82 20 67 56 75 87 38 
77 29 43 47 7 1 42 0 77 4 44 41 91 17 35 40 
7 92 23 50 30 68 74 77 0 43 15 68 74 23 60 78 
49 11 100 26 88 43 82 4 43 0 3 37 94 46 29 96 
41 12 85 67 57 68 20 44 15 3 0 4 52 25 8 87 
79 68 96 49 57 71 67 41 68 37 4 0 91 62 86 24 
93 23 73 37 44 92 56 91 74 94 52 91 0 39 100 53 
0 99 45 39 78 12 75 17 23 46 25 62 39 0 46 53 
77 22 74 15 28 97 87 35 60 29 8 86 100 46 0 87 
47 36 33 42 53 68 38 40 78 96 87 24 53 53 87 0 
BRBRBBBRBBRRRRRB
