26
0 58 26 22 15 7 49 72 57 11 44 10 47 78 97 61 35 38 58 1 68 85 84 53 27 70 
58 0 16 82 18 62 39 66 3 92 3 4 81 93 32 35 64 77 36 27 83 42 70 60 97 4 
26 16 0 3 86 3 71 28 58 25 93 49 85 67 18 99 4 62 61 55 7 83 84 38 1 97 
22 82 3 0 16 73 100 35 98 30 51 20 18 17 19 82 23 70 64 71 57 6 90 41 40 64 
15 18 86 16 0 83 55 11 37 34 91 73 93 41 62 39 36 54 20 0 98 97 8 15 70 95 
7 62 3 73 83 0 40 88 78 80 26 55 78 4 64 27 15 65 0 48 15 13 12 65 58 31 
49 39 71 100 55 40 0 14 33 58 81 49 52 12 89 1 12 84 26 1 43 42 29 34 58 1 
72 66 28 35 11 88 14 0 66 81 17 70 62 100 17 34 97 49 1 65 15 28 91 97 44 65 
57 3 58 98 37 78 33 66 0 99 6 63 93 37 76 31 31 15 21 75 28 77 18 94 33 18 
11 92 25 30 34 80 58 81 99 0 40 0 76 47 70 86 40 10 44 26 67 30 68 42 54 76 
44 3 93 51 91 26 81 17 6 40 0 78 94 50 27 84 21 25 66 77 79 34 91 58 66 28 
10 4 49 20 73 55 49 70 63 0 78 0 92 58 99 56 3 43 54 43 66 8 94 64 18 48 
47 81 85 18 93 78 52 62 93 76 94 92 0 63 69 30 81 50 37 47 22 73 0 94 34 56 
78 93 67 17 41 4 12 100 37 47 50 58 63 0 85 4 94 36 52 27 23 87 79 18 10 16 
97 32 18 19 62 64 89 17 76 70 27 99 69 85 0 3 50 51 77 89 98 66 79 11 28 11 
61 35 99 82 39 27 1 34 31 86 84 56 30 4 3 0 29 84 43 96 90 58 57 98 16 26 
35 64 4 23 36 15 12 97 31 40 21 3 81 94 50 29 0 8 74 9 90 41 14 59 5 11 
38 77 62 70 54 65 84 49 15 10 25 43 50 36 51 84 8 0 92 70 2 84 91 86 2 36 
58 36 61 64 20 0 26 1 21 44 66 54 37 52 77 43 74 92 0 44 90 80 53 45 45 28 
1 27 55 71 0 48 1 65 75 26 77 43 47 27 89 96 9 70 44 0 45 72 24 93 91 8 
68 83 7 57 98 15 43 15 28 67 79 66 22 23 98 90 90 2 90 45 0 32 40 92 44 95 
85 42 83 6 97 13 42 28 77 30 34 8 73 87 66 58 41 84 80 72 32 0 91 41 8 61 
84 70 84 90 8 12 29 91 18 68 91 94 0 79 79 57 14 91 53 24 40 91 0 20 98 30 
53 60 38 41 15 65 34 97 94 42 58 64 94 18 11 98 59 86 45 93 92 41 20 0 2 56 
27 97 1 40 70 58 58 44 33 54 66 18 34 10 28 16 5 2 45 91 44 8 98 2 0 68 
70 4 97 64 95 31 1 65 18 76 28 48 56 16 11 26 11 36 28 8 95 61 30 56 68 0 
RBRBRRRBRRRRRBRBRBBBBBRBBB
