24
0 8 67 69 35 11 22 48 5 41 40 21 44 54 83 92 28 13 78 32 70 43 96 52 
8 0 17 97 91 51 44 58 60 58 6 30 10 97 18 73 64 34 53 45 26 85 57 97 
67 17 0 18 52 31 43 31 13 40 17 56 94 44 48 26 50 56 59 26 16 94 49 66 
69 97 18 0 26 64 12 27 91 31 14 24 51 37 99 61 87 40 7 45 98 41 33 57 
35 91 52 26 0 78 2 85 70 60 15 27 76 50 48 69 60 80 37 31 83 47 50 64 
11 51 31 64 78 0 0 30 49 64 74 95 41 76 99 80 73 51 79 39 88 66 90 86 
22 44 43 12 2 0 0 85 31 89 91 13 61 27 42 66 100 43 76 15 25 29 70 46 
48 58 31 27 85 30 85 0 46 15 43 90 52 68 8 97 95 15 36 23 26 47 43 41 
5 60 13 91 70 49 31 46 0 58 72 36 26 0 23 27 51 32 97 3 94 85 51 67 
41 58 40 31 60 64 89 15 58 0 36 80 71 0 85 81 98 34 37 4 12 52 39 37 
40 6 17 14 15 74 91 43 72 36 0 51 35 52 97 29 40 34 92 26 22 60 33 46 
21 30 56 24 27 95 13 90 36 80 51 0 49 28 46 71 10 22 10 60 70 23 61 70 
44 10 94 51 76 41 61 52 26 71 35 49 0 77 17 45 30 7 23 13 25 70 26 1 
54 97 44 37 50 76 27 68 0 0 52 28 77 0 15 80 73 57 29 34 18 58 97 46 
83 18 48 99 48 99 42 8 23 85 97 46 17 15 0 27 64 0 53 30 28 71 49 99 
92 73 26 61 69 80 66 97 27 81 29 71 45 80 27 0 40 6 13 78 98 36 31 5 
28 64 50 87 60 73 100 95 51 98 40 10 30 73 64 40 0 23 61 3 64 8 88 32 
13 34 56 40 80 51 43 15 32 34 34 22 7 57 0 6 23 0 35 86 69 85 92 84 
78 53 59 7 37 79 76 36 97 37 92 10 23 29 53 13 61 35 0 61 38 91 45 28 
32 45 26 45 31 39 15 23 3 4 26 60 13 34 30 78 3 86 61 0 44 45 18 47 
70 26 16 98 83 88 25 26 94 12 22 70 25 18 28 98 64 69 38 44 0 74 1 97 
43 85 94 41 47 66 29 47 85 52 60 23 70 58 71 36 8 85 91 45 74 0 6 72 
96 57 49 33 50 90 70 43 51 39 33 61 26 97 49 31 88 92 45 18 1 6 0 30 
52 97 66 57 64 86 46 41 67 37 46 70 1 46 99 5 32 84 28 47 97 72 30 0 
RBBRBBBBBRBRRRBBBBRRRRRR
