32
0 91 90 74 40 39 52 34 45 21 28 68 97 28 93 78 93 38 78 44 65 63 19 31 87 84 83 15 74 48 98 91 
91 0 98 75 85 26 28 20 42 82 2 76 3 86 67 1 13 51 58 46 65 4 67 73 65 26 2 57 40 73 38 15 
90 98 0 9 85 94 64 93 41 52 56 63 64 27 69 89 69 75 30 9 28 6 12 87 53 62 13 45 12 31 67 64 
74 75 9 0 20 24 18 19 25 86 26 42 86 4 50 87 81 65 99 1 26 13 55 48 13 52 44 66 61 96 71 99 
40 85 85 20 0 26 81 96 69 56 16 78 37 82 76 1 47 76 70 8 38 1 51 33 2 92 54 33 1 55 73 4 
39 26 94 24 26 0 56 63 73 89 64 10 44 56 79 64 42 50 29 31 25 18 31 70 7 17 72 97 41 21 91 37 
52 28 64 18 81 56 0 84 10 71 48 1 14 66 47 49 76 30 41 98 37 40 29 74 57 33 31 80 69 26 75 81 
34 20 93 19 96 63 84 0 75 72 90 90 19 15 94 48 44 20 53 86 64 12 82 28 20 81 85 66 46 18 70 32 
45 42 41 25 69 73 10 75 0 96 90 48 45 89 8 38 22 24 95 39 36 8 69 58 53 66 57 90 94 34 99 17 
21 82 52 86 56 89 71 72 96 0 9 73 34 42 70 67 24 7 50 78 76 33 71 88 65 15 83 1 93 1 38 22 
28 2 56 26 16 64 48 90 90 9 0 44 85 33 76 19 59 53 65 47 75 63 70 10 67 77 1 32 10 72 5 68 
68 76 63 42 78 10 1 90 48 73 44 0 70 12 21 39 62 62 13 63 45 55 59 17 3 44 34 69 90 10 2 93 
97 3 64 86 37 44 14 19 45 34 85 70 0 10 68 66 18 68 40 70 86 39 55 18 0 46 64 9 72 51 79 41 
28 86 27 4 82 56 66 15 89 42 33 12 10 0 71 42 4 49 77 4 53 2 50 16 2 72 76 80 91 36 52 40 
93 67 69 50 76 79 47 94 8 70 76 21 68 71 0 17 80 78 14 56 26 97 32 97 73 61 67 75 83 68 68 26 
78 1 89 87 1 64 49 48 38 67 19 39 66 42 17 0 35 13 6 91 47 5 75 100 87 12 16 56 68 11 6 1 
93 13 69 81 47 42 76 44 22 24 59 62 18 4 80 35 0 50 92 98 38 100 21 62 10 1 70 82 98 34 4 46 
38 51 75 65 76 50 30 20 24 7 53 62 68 49 78 13 50 0 11 17 86 80 27 48 50 33 0 77 59 97 97 98 
78 58 30 99 70 29 41 53 95 50 65 13 40 77 14 6 92 11 0 52 36 21 62 47 18 4 58 68 7 63 22 17 
44 46 9 1 8 31 98 86 39 78 47 63 70 4 56 91 98 17 52 0 25 21 28 45 38 96 17 45 2 90 90 65 
65 65 28 26 38 25 37 64 36 76 75 45 86 53 26 47 38 86 36 25 0 18 35 43 92 41 20 77 49 35 4 43 
63 4 6 13 1 18 40 12 8 33 63 55 39 2 97 5 100 80 21 21 18 0 66 58 25 21 34 94 98 24 83 16 
19 67 12 55 51 31 29 82 69 71 70 59 55 50 32 75 21 27 62 28 35 66 0 36 46 82 22 45 57 82 7 80 
31 73 87 48 33 70 74 28 58 88 10 17 18 16 97 100 62 48 47 45 43 58 36 0 32 31 39 61 54 23 50 48 
87 65 53 13 2 7 57 20 53 65 67 3 0 2 73 87 10 50 18 38 92 25 46 32 0 88 93 11 6 53 46 89 
84 26 62 52 92 17 33 81 66 15 77 44 46 72 61 12 1 33 4 96 41 21 82 31 88 0 100 90 87 90 15 7 
83 2 13 44 54 72 31 85 57 83 1 34 64 76 67 16 70 0 58 17 20 34 22 39 93 100 0 27 94 43 55 91 
15 57 45 66 33 97 80 66 90 1 32 69 9 80 75 56 82 77 68 45 77 94 45 61 11 90 27 0 18 52 41 34 
74 40 12 61 1 41 69 46 94 93 10 90 72 91 83 68 98 59 7 2 49 98 57 54 6 87 94 18 0 24 20 83 
48 73 31 96 55 21 26 18 34 1 72 10 51 36 68 11 34 97 63 90 35 24 82 23 53 90 43 52 24 0 89 60 
98 38 67 71 73 91 75 70 99 38 5 2 79 52 68 6 4 97 22 90 4 83 7 50 46 15 55 41 20 89 0 37 
91 15 64 99 4 37 81 32 17 22 68 93 41 40 26 1 46 98 17 65 43 16 80 48 89 7 91 34 83 60 37 0 
RRRRBBBRBBBRBRBBBBRRBBRRRRRBBRRB
