22
0 57 51 46 46 67 11 23 85 44 73 51 84 89 26 69 80 45 92 31 63 7 
57 0 65 53 53 0 78 10 79 78 11 30 3 81 19 5 0 77 53 69 25 81 
51 65 0 30 17 1 5 41 97 19 34 89 0 99 30 27 48 89 58 93 61 6 
46 53 30 0 34 62 54 9 18 60 88 29 60 98 67 28 78 74 24 81 26 56 
46 53 17 34 0 76 24 28 75 44 62 47 62 4 4 28 97 44 58 51 39 38 
67 0 1 62 76 0 61 70 22 6 17 20 34 30 97 86 81 75 19 72 17 88 
11 78 5 54 24 61 0 1 41 75 58 71 26 49 55 70 93 8 97 92 88 41 
23 10 41 9 28 70 1 0 99 56 65 54 45 17 8 38 98 58 51 66 10 87 
85 79 97 18 75 22 41 99 0 39 59 96 92 53 86 63 100 75 67 63 52 49 
44 78 19 60 44 6 75 56 39 0 23 57 25 6 97 25 30 46 42 64 39 69 
73 11 34 88 62 17 58 65 59 23 0 88 63 19 33 1 19 93 89 94 0 13 
51 30 89 29 47 20 71 54 96 57 88 0 73 35 30 29 98 55 93 33 77 70 
84 3 0 60 62 34 26 45 92 25 63 73 0 100 33 83 77 88 23 30 72 84 
89 81 99 98 4 30 49 17 53 6 19 35 100 0 14 62 43 79 3 4 98 37 
26 19 30 67 4 97 55 8 86 97 33 30 33 14 0 45 74 84 95 82 5 26 
69 5 27 28 28 86 70 38 63 25 1 29 83 62 45 0 15 93 89 17 68 58 
80 0 48 78 97 81 93 98 100 30 19 98 77 43 74 15 0 73 54 95 97 29 
45 77 89 74 44 75 8 58 75 46 93 55 88 79 84 93 73 0 81 34 19 70 
92 53 58 24 58 19 97 51 67 42 89 93 23 3 95 89 54 81 0 12 44 100 
31 69 93 81 51 72 92 66 63 64 94 33 30 4 82 17 95 34 12 0 52 73 
63 25 61 26 39 17 88 10 52 39 0 77 72 98 5 68 97 19 44 52 0 15 
7 81 6 56 38 88 41 87 49 69 13 70 84 37 26 58 29 70 100 73 15 0 
BRRBBBBRBRRBRBRRRBBBRR
