10
0 76 11 100 92 11 37 73 66 28 
76 0 40 81 70 14 27 22 98 21 
11 40 0 68 33 65 71 66 41 57 
100 81 68 0 19 30 79 52 77 59 
92 70 33 19 0 26 25 23 52 30 
11 14 65 30 26 0 49 3 0 74 
37 27 71 79 25 49 0 82 88 4 
73 22 66 52 23 3 82 0 84 8 
66 98 41 77 52 0 88 84 0 86 
28 21 57 59 30 74 4 8 86 0 
BBBRBRRBRR
