28
0 17 22 54 70 80 2 44 82 34 78 9 29 13 77 54 6 59 94 39 49 55 10 76 2 69 85 29 
17 0 83 1 70 81 20 54 37 10 66 43 86 60 78 82 98 31 97 68 80 44 2 53 62 57 46 55 
22 83 0 55 42 10 16 89 22 0 0 10 80 20 18 75 57 67 53 1 48 45 88 25 66 33 3 84 
54 1 55 0 52 13 20 66 24 76 87 75 41 3 23 49 38 87 77 68 78 45 15 3 31 57 47 55 
70 70 42 52 0 95 55 83 22 44 8 20 0 81 58 77 51 27 39 84 54 30 43 58 7 80 92 59 
80 81 10 13 95 0 76 50 3 53 88 19 34 27 75 67 23 17 6 70 42 86 19 4 33 85 31 78 
2 20 16 20 55 76 0 81 84 66 68 44 43 30 66 64 12 93 91 30 24 21 26 21 85 65 60 19 
44 54 89 66 83 50 81 0 31 48 79 92 50 73 81 66 3 99 21 26 85 41 97 21 7 65 24 79 
82 37 22 24 22 3 84 31 0 28 56 47 67 8 16 20 41 94 36 45 7 35 38 35 14 6 28 60 
34 10 0 76 44 53 66 48 28 0 21 1 85 25 30 35 86 91 54 14 54 62 24 75 11 13 52 39 
78 66 0 87 8 88 68 79 56 21 0 41 85 82 27 60 87 24 50 0 72 46 26 21 8 16 51 75 
9 43 10 75 20 19 44 92 47 1 41 0 41 62 42 7 37 98 22 61 38 46 19 19 61 39 73 23 
29 86 80 41 0 34 43 50 67 85 85 41 0 1 68 21 71 72 45 58 77 43 54 63 32 50 24 71 
13 60 20 3 81 27 30 73 8 25 82 62 1 0 46 23 48 74 26 78 32 41 77 41 44 0 88 2 
77 78 18 23 58 75 66 81 16 30 27 42 68 46 0 82 52 8 84 32 79 8 37 97 58 83 87 0 
54 82 75 49 77 67 64 66 20 35 60 7 21 23 82 0 80 85 83 66 70 38 22 13 95 4 4 2 
6 98 57 38 51 23 12 3 41 86 87 37 71 48 52 80 0 26 39 32 11 35 37 65 75 81 56 85 
59 31 67 87 27 17 93 99 94 91 24 98 72 74 8 85 26 0 56 57 29 26 85 56 91 6 19 90 
94 97 53 77 39 6 91 21 36 54 50 22 45 26 84 83 39 56 0 50 60 95 70 76 23 26 93 69 
39 68 1 68 84 70 30 26 45 14 0 61 58 78 32 66 32 57 50 0 0 50 84 94 63 26 43 93 
49 80 48 78 54 42 24 85 7 54 72 38 77 32 79 70 11 29 60 0 0 76 56 63 68 42 8 99 
55 44 45 45 30 86 21 41 35 62 46 46 43 41 8 38 35 26 95 50 76 0 77 55 71 14 83 95 
10 2 88 15 43 19 26 97 38 24 26 19 54 77 37 22 37 85 70 84 56 77 0 65 31 84 31 67 
76 53 25 3 58 4 21 21 35 75 21 19 63 41 97 13 65 56 76 94 63 55 65 0 67 33 68 80 
2 62 66 31 7 33 85 7 14 11 8 61 32 44 58 95 75 91 23 63 68 71 31 67 0 79 7 26 
69 57 33 57 80 85 65 65 6 13 16 39 50 0 83 4 81 6 26 26 42 14 84 33 79 0 87 15 
85 46 3 47 92 31 60 24 28 52 51 73 24 88 87 4 56 19 93 43 8 83 31 68 7 87 0 4 
29 55 84 55 59 78 19 79 60 39 75 23 71 2 0 2 85 90 69 93 99 95 67 80 26 15 4 0 
RBBBRBRRBBRBRRBBRBRBRBRRRRBB
