22
0 88 70 59 95 54 49 41 74 96 63 57 55 63 34 65 78 41 52 59 22 18 
88 0 59 31 93 83 3 93 24 5 85 9 50 54 74 95 47 15 51 44 48 34 
70 59 0 78 3 73 96 31 59 15 29 4 25 84 88 4 79 88 30 24 90 30 
59 31 78 0 64 84 67 15 81 93 97 19 85 40 39 37 13 30 7 54 60 89 
95 93 3 64 0 85 37 97 39 82 100 59 63 81 37 1 57 94 46 21 86 24 
54 83 73 84 85 0 15 93 32 89 43 96 17 53 11 92 34 97 55 97 52 39 
49 3 96 67 37 15 0 2 67 25 72 80 81 2 7 8 72 34 26 5 45 7 
41 93 31 15 97 93 2 0 10 45 87 55 98 28 60 70 44 29 44 63 25 2 
74 24 59 81 39 32 67 10 0 47 10 99 32 57 30 51 14 51 63 34 63 100 
96 5 15 93 82 89 25 45 47 0 86 51 81 29 90 100 66 29 13 58 93 56 
63 85 29 97 100 43 72 87 10 86 0 74 77 51 1 34 27 48 44 47 93 40 
57 9 4 19 59 96 80 55 99 51 74 0 30 62 51 88 48 2 46 5 59 40 
55 50 25 85 63 17 81 98 32 81 77 30 0 48 56 51 25 0 45 37 16 100 
63 54 84 40 81 53 2 28 57 29 51 62 48 0 47 50 92 87 36 23 10 98 
34 74 88 39 37 11 7 60 30 90 1 51 56 47 0 1 81 61 63 27 38 48 
65 95 4 37 1 92 8 70 51 100 34 88 51 50 1 0 83 48 33 52 33 3 
78 47 79 13 57 34 72 44 14 66 27 48 25 92 81 83 0 7 55 87 60 59 
41 15 88 30 94 97 34 29 51 29 48 2 0 87 61 48 7 0 28 79 27 14 
52 51 30 7 46 55 26 44 63 13 44 46 45 36 63 33 55 28 0 30 43 9 
59 44 24 54 21 97 5 63 34 58 47 5 37 23 27 52 87 79 30 0 47 19 
22 48 90 60 86 52 45 25 63 93 93 59 16 10 38 33 60 27 43 47 0 7 
18 34 30 89 24 39 7 2 100 56 40 40 100 98 48 3 59 14 9 19 7 0 
RRRRBBBRRBBRBRBRBRBRBB
