24
0 28 0 86 92 54 42 91 68 27 65 23 42 85 97 11 15 16 65 100 76 39 37 20 
28 0 6 57 58 39 32 36 37 18 17 56 17 70 70 47 59 69 30 71 30 77 31 23 
0 6 0 21 88 59 29 2 9 3 63 20 99 56 37 13 54 32 2 71 49 46 7 68 
86 57 21 0 71 58 84 38 60 56 36 78 60 51 11 81 71 79 96 23 2 4 28 81 
92 58 88 71 0 2 59 84 94 70 64 29 22 15 7 88 68 49 58 64 81 69 68 14 
54 39 59 58 2 0 91 50 81 34 7 34 83 45 57 76 7 66 98 23 87 75 81 89 
42 32 29 84 59 91 0 11 49 80 51 32 52 67 79 28 11 65 12 4 61 69 89 60 
91 36 2 38 84 50 11 0 13 73 66 77 70 10 93 94 43 41 1 58 29 91 91 8 
68 37 9 60 94 81 49 13 0 31 70 52 100 38 56 37 45 13 71 88 97 89 47 42 
27 18 3 56 70 34 80 73 31 0 21 17 97 48 79 54 55 48 92 27 44 25 87 2 
65 17 63 36 64 7 51 66 70 21 0 42 12 62 26 79 24 97 42 18 11 16 85 30 
23 56 20 78 29 34 32 77 52 17 42 0 42 42 86 46 25 18 55 36 86 65 49 6 
42 17 99 60 22 83 52 70 100 97 12 42 0 7 59 29 70 13 52 61 83 41 78 47 
85 70 56 51 15 45 67 10 38 48 62 42 7 0 19 20 33 33 69 49 88 48 14 100 
97 70 37 11 7 57 79 93 56 79 26 86 59 19 0 96 98 80 49 25 88 18 48 16 
11 47 13 81 88 76 28 94 37 54 79 46 29 20 96 0 100 9 21 26 94 33 16 44 
15 59 54 71 68 7 11 43 45 55 24 25 70 33 98 100 0 18 41 98 21 29 54 46 
16 69 32 79 49 66 65 41 13 48 97 18 13 33 80 9 18 0 86 96 59 18 66 6 
65 30 2 96 58 98 12 1 71 92 42 55 52 69 49 21 41 86 0 25 59 19 53 100 
100 71 71 23 64 23 4 58 88 27 18 36 61 49 25 26 98 96 25 0 96 62 2 29 
76 30 49 2 81 87 61 29 97 44 11 86 83 88 88 94 21 59 59 96 0 53 79 37 
39 77 46 4 69 75 69 91 89 25 16 65 41 48 18 33 29 18 19 62 53 0 87 17 
37 31 7 28 68 81 89 91 47 87 85 49 78 14 48 16 54 66 53 2 79 87 0 61 
20 23 68 81 14 89 60 8 42 2 30 6 47 100 16 44 46 6 100 29 37 17 61 0 
BBRBBBRRRBRBRRBBBRBRRRBR
