24
0 62 32 4 29 21 17 84 17 31 71 4 12 64 43 44 56 89 92 42 7 33 84 51 
62 0 22 76 85 57 32 55 58 30 88 98 81 97 35 39 37 46 72 10 15 2 15 36 
32 22 0 80 73 9 5 61 57 28 49 51 4 77 36 62 72 10 8 63 20 100 77 65 
4 76 80 0 33 56 25 10 48 26 3 61 6 26 88 49 91 79 41 35 11 1 18 60 
29 85 73 33 0 25 80 69 97 84 78 65 93 38 97 96 39 50 100 99 84 3 3 14 
21 57 9 56 25 0 35 84 90 91 23 64 24 39 6 84 100 75 73 18 3 78 95 51 
17 32 5 25 80 35 0 51 97 71 56 42 15 60 66 38 71 33 16 12 46 50 30 15 
84 55 61 10 69 84 51 0 4 0 53 58 9 60 58 0 36 36 86 33 59 4 83 85 
17 58 57 48 97 90 97 4 0 58 77 5 58 29 48 62 57 4 97 21 14 59 86 86 
31 30 28 26 84 91 71 0 58 0 48 23 85 79 75 75 8 59 37 35 24 70 69 97 
71 88 49 3 78 23 56 53 77 48 0 85 21 22 16 56 24 7 23 83 8 21 23 5 
4 98 51 61 65 64 42 58 5 23 85 0 1 11 81 19 47 30 18 33 69 24 100 43 
12 81 4 6 93 24 15 9 58 85 21 1 0 26 73 48 65 97 19 1 8 2 69 12 
64 97 77 26 38 39 60 60 29 79 22 11 26 0 88 30 47 54 19 79 32 44 56 4 
43 35 36 88 97 6 66 58 48 75 16 81 73 88 0 1 50 28 90 77 1 89 86 82 
44 39 62 49 96 84 38 0 62 75 56 19 48 30 1 0 61 54 20 62 63 82 72 61 
56 37 72 91 39 100 71 36 57 8 24 47 65 47 50 61 0 78 33 87 65 40 99 24 
89 46 10 79 50 75 33 36 4 59 7 30 97 54 28 54 78 0 75 18 58 27 80 17 
92 72 8 41 100 73 16 86 97 37 23 18 19 19 90 20 33 75 0 3 4 84 88 7 
42 10 63 35 99 18 12 33 21 35 83 33 1 79 77 62 87 18 3 0 67 78 100 85 
7 15 20 11 84 3 46 59 14 24 8 69 8 32 1 63 65 58 4 67 0 33 17 77 
33 2 100 1 3 78 50 4 59 70 21 24 2 44 89 82 40 27 84 78 33 0 22 67 
84 15 77 18 3 95 30 83 86 69 23 100 69 56 86 72 99 80 88 100 17 22 0 75 
51 36 65 60 14 51 15 85 86 97 5 43 12 4 82 61 24 17 7 85 77 67 75 0 
RBRBRBRBBBRBRRRRRBBRRBBB
