20
0 91 73 65 89 1 95 89 44 0 20 13 1 87 69 52 48 91 92 42 
91 0 29 28 65 6 58 58 0 52 28 31 73 54 7 91 90 63 79 74 
73 29 0 90 36 10 51 51 93 66 37 82 38 72 43 55 4 31 14 53 
65 28 90 0 94 49 12 26 15 6 21 85 45 81 46 68 34 35 61 86 
89 65 36 94 0 74 49 5 97 10 100 30 9 32 14 17 66 21 93 26 
1 6 10 49 74 0 93 13 74 50 27 65 67 58 97 47 34 34 7 18 
95 58 51 12 49 93 0 67 88 87 92 48 61 79 33 44 5 30 14 63 
89 58 51 26 5 13 67 0 66 96 16 58 82 74 3 16 60 69 65 4 
44 0 93 15 97 74 88 66 0 98 48 14 71 44 97 28 70 38 98 40 
0 52 66 6 10 50 87 96 98 0 10 33 1 55 97 100 71 26 37 53 
20 28 37 21 100 27 92 16 48 10 0 67 34 43 55 3 85 46 82 53 
13 31 82 85 30 65 48 58 14 33 67 0 47 19 97 54 27 0 0 86 
1 73 38 45 9 67 61 82 71 1 34 47 0 77 45 50 38 60 36 97 
87 54 72 81 32 58 79 74 44 55 43 19 77 0 22 22 95 43 8 47 
69 7 43 46 14 97 33 3 97 97 55 97 45 22 0 56 64 48 38 3 
52 91 55 68 17 47 44 16 28 100 3 54 50 22 56 0 98 39 19 79 
48 90 4 34 66 34 5 60 70 71 85 27 38 95 64 98 0 24 86 54 
91 63 31 35 21 34 30 69 38 26 46 0 60 43 48 39 24 0 20 37 
92 79 14 61 93 7 14 65 98 37 82 0 36 8 38 19 86 20 0 49 
42 74 53 86 26 18 63 4 40 53 53 86 97 47 3 79 54 37 49 0 
BBBRRRRRBRBBRBBRBRBR
