32
0 16 52 19 22 81 24 57 69 63 81 40 87 0 51 94 32 85 4 94 94 18 23 32 75 58 72 14 66 74 89 21 
16 0 9 100 82 25 25 34 60 11 34 17 10 12 6 47 99 52 7 72 8 1 6 34 75 74 51 35 70 44 53 83 
52 9 0 64 58 60 8 24 71 90 80 12 21 24 9 59 28 27 90 33 74 24 31 45 92 8 14 82 65 43 60 64 
19 100 64 0 31 11 70 95 88 74 46 54 12 83 43 47 55 15 89 17 36 82 96 71 94 32 69 10 59 85 11 22 
22 82 58 31 0 36 50 52 81 31 64 27 16 34 9 71 61 20 57 71 62 66 77 50 17 22 72 9 31 43 28 42 
81 25 60 11 36 0 47 8 36 2 56 81 51 17 0 86 33 38 36 82 77 23 81 15 93 95 58 22 44 58 76 55 
24 25 8 70 50 47 0 63 64 3 76 46 41 85 34 87 61 82 45 87 70 27 52 40 52 65 0 16 24 42 57 10 
57 34 24 95 52 8 63 0 2 28 64 19 35 25 13 27 74 74 50 27 68 77 70 15 50 61 54 4 15 64 98 35 
69 60 71 88 81 36 64 2 0 73 60 60 80 50 81 53 44 25 58 59 81 100 94 22 10 18 98 2 89 87 82 68 
63 11 90 74 31 2 3 28 73 0 25 33 37 14 52 91 76 56 46 80 62 100 62 88 58 52 39 74 67 100 97 92 
81 34 80 46 64 56 76 64 60 25 0 93 42 96 51 65 52 75 21 73 1 0 81 55 91 85 85 13 0 64 15 39 
40 17 12 54 27 81 46 19 60 33 93 0 84 97 7 85 18 64 30 77 6 17 20 65 93 58 86 45 75 77 49 41 
87 10 21 12 16 51 41 35 80 37 42 84 0 97 13 89 89 39 58 22 30 99 100 73 91 73 16 94 64 50 41 31 
0 12 24 83 34 17 85 25 50 14 96 97 97 0 2 74 66 83 12 52 35 78 78 36 72 86 5 83 3 58 49 8 
51 6 9 43 9 0 34 13 81 52 51 7 13 2 0 69 79 54 59 19 20 42 5 98 80 15 71 24 96 60 53 68 
94 47 59 47 71 86 87 27 53 91 65 85 89 74 69 0 39 20 60 80 73 36 51 39 48 59 26 19 88 41 49 75 
32 99 28 55 61 33 61 74 44 76 52 18 89 66 79 39 0 15 73 98 97 48 94 40 81 94 29 47 100 76 66 63 
85 52 27 15 20 38 82 74 25 56 75 64 39 83 54 20 15 0 77 18 65 94 38 45 28 45 87 73 98 95 48 28 
4 7 90 89 57 36 45 50 58 46 21 30 58 12 59 60 73 77 0 39 97 89 49 90 81 79 23 29 52 60 96 81 
94 72 33 17 71 82 87 27 59 80 73 77 22 52 19 80 98 18 39 0 44 30 79 28 68 4 9 67 89 85 12 99 
94 8 74 36 62 77 70 68 81 62 1 6 30 35 20 73 97 65 97 44 0 68 14 32 60 7 16 59 9 80 79 61 
18 1 24 82 66 23 27 77 100 100 0 17 99 78 42 36 48 94 89 30 68 0 14 78 100 41 57 1 1 79 27 18 
23 6 31 96 77 81 52 70 94 62 81 20 100 78 5 51 94 38 49 79 14 14 0 45 1 76 92 27 33 76 46 8 
32 34 45 71 50 15 40 15 22 88 55 65 73 36 98 39 40 45 90 28 32 78 45 0 11 54 10 52 44 4 29 44 
75 75 92 94 17 93 52 50 10 58 91 93 91 72 80 48 81 28 81 68 60 100 1 11 0 14 13 62 88 99 30 78 
58 74 8 32 22 95 65 61 18 52 85 58 73 86 15 59 94 45 79 4 7 41 76 54 14 0 84 61 59 42 3 0 
72 51 14 69 72 58 0 54 98 39 85 86 16 5 71 26 29 87 23 9 16 57 92 10 13 84 0 97 93 11 64 90 
14 35 82 10 9 22 16 4 2 74 13 45 94 83 24 19 47 73 29 67 59 1 27 52 62 61 97 0 41 91 67 27 
66 70 65 59 31 44 24 15 89 67 0 75 64 3 96 88 100 98 52 89 9 1 33 44 88 59 93 41 0 73 64 84 
74 44 43 85 43 58 42 64 87 100 64 77 50 58 60 41 76 95 60 85 80 79 76 4 99 42 11 91 73 0 65 25 
89 53 60 11 28 76 57 98 82 97 15 49 41 49 53 49 66 48 96 12 79 27 46 29 30 3 64 67 64 65 0 70 
21 83 64 22 42 55 10 35 68 92 39 41 31 8 68 75 63 28 81 99 61 18 8 44 78 0 90 27 84 25 70 0 
RRBBBRRBRRRBBBBRBRBRBRRBBRRBRBRB
