22
0 96 28 100 60 92 67 12 50 96 36 66 35 19 63 55 24 67 71 86 10 48 
96 0 7 65 66 78 13 29 57 25 30 74 20 24 19 2 39 85 74 74 76 67 
28 7 0 84 31 70 87 15 72 11 52 19 42 42 88 66 4 21 14 0 46 52 
100 65 84 0 72 71 48 82 54 55 6 26 55 83 31 58 57 23 43 97 45 17 
60 66 31 72 0 80 19 28 88 10 35 8 71 89 56 57 8 63 68 3 79 13 
92 78 70 71 80 0 80 92 87 82 5 66 7 45 35 3 72 61 6 24 27 44 
67 13 87 48 19 80 0 57 35 26 52 63 74 7 95 37 20 79 52 75 93 20 
12 29 15 82 28 92 57 0 42 20 9 85 73 23 89 3 80 49 28 10 43 49 
50 57 72 54 88 87 35 42 0 14 95 71 95 92 59 83 3 60 100 42 9 58 
96 25 11 55 10 82 26 20 14 0 60 59 21 98 48 26 65 57 69 74 33 28 
36 30 52 6 35 5 52 9 95 60 0 3 57 82 43 23 53 64 27 15 95 4 
66 74 19 26 8 66 63 85 71 59 3 0 63 82 3 59 43 24 0 78 34 4 
35 20 42 55 71 7 74 73 95 21 57 63 0 56 9 52 46 90 72 6 81 29 
19 24 42 83 89 45 7 23 92 98 82 82 56 0 51 88 29 66 6 39 1 25 
63 19 88 31 56 35 95 89 59 48 43 3 9 51 0 12 77 76 77 2 54 29 
55 2 66 58 57 3 37 3 83 26 23 59 52 88 12 0 60 15 91 100 63 40 
24 39 4 57 8 72 20 80 3 65 53 43 46 29 77 60 0 70 25 99 83 80 
67 85 21 23 63 61 79 49 60 57 64 24 90 66 76 15 70 0 6 69 14 1 
71 74 14 43 68 6 52 28 100 69 27 0 72 6 77 91 25 6 0 34 74 42 
86 74 0 97 3 24 75 10 42 74 15 78 6 39 2 100 99 69 34 0 96 6 
10 76 46 45 79 27 93 43 9 33 95 34 81 1 54 63 83 14 74 96 0 9 
48 67 52 17 13 44 20 49 58 28 4 4 29 25 29 40 80 1 42 6 9 0 
RRBBRBRRBBRRRBBRBBBRRB
