20
0 25 58 5 11 90 57 83 76 45 16 3 45 50 35 55 71 4 3 31 
25 0 33 80 32 60 69 28 72 16 19 88 15 20 64 14 11 64 75 93 
58 33 0 19 9 94 67 30 68 73 45 50 1 35 33 9 1 67 69 61 
5 80 19 0 71 63 29 57 91 61 55 75 95 48 20 30 1 23 37 45 
11 32 9 71 0 53 95 10 33 80 9 3 52 24 21 25 53 17 95 99 
90 60 94 63 53 0 16 97 61 86 54 30 69 69 31 69 88 28 55 28 
57 69 67 29 95 16 0 16 48 95 96 68 6 80 5 99 98 47 23 4 
83 28 30 57 10 97 16 0 83 52 22 44 80 3 22 9 64 58 97 97 
76 72 68 91 33 61 48 83 0 42 57 93 91 66 24 2 2 23 28 51 
45 16 73 61 80 86 95 52 42 0 27 16 63 91 21 43 60 88 48 48 
16 19 45 55 9 54 96 22 57 27 0 22 56 31 29 49 63 10 60 61 
3 88 50 75 3 30 68 44 93 16 22 0 61 46 29 7 7 12 62 42 
45 15 1 95 52 69 6 80 91 63 56 61 0 17 58 61 72 5 98 66 
50 20 35 48 24 69 80 3 66 91 31 46 17 0 59 31 88 83 36 47 
35 64 33 20 21 31 5 22 24 21 29 29 58 59 0 67 36 20 76 0 
55 14 9 30 25 69 99 9 2 43 49 7 61 31 67 0 91 23 3 52 
71 11 1 1 53 88 98 64 2 60 63 7 72 88 36 91 0 73 62 80 
4 64 67 23 17 28 47 58 23 88 10 12 5 83 20 23 73 0 71 46 
3 75 69 37 95 55 23 97 28 48 60 62 98 36 76 3 62 71 0 69 
31 93 61 45 99 28 4 97 51 48 61 42 66 47 0 52 80 46 69 0 
BBRBBBRRRRBRBRRRBBRB
