24
0 28 12 5 71 29 98 77 91 95 25 40 62 30 2 88 2 6 96 52 4 25 78 42 
28 0 18 38 97 41 86 40 55 0 59 77 30 1 39 74 30 0 29 95 83 49 40 36 
12 18 0 53 43 73 77 17 11 14 17 0 16 68 86 87 89 15 97 11 61 18 50 93 
5 38 53 0 18 23 84 23 0 45 20 32 26 22 48 87 79 62 48 10 36 55 49 50 
71 97 43 18 0 69 84 28 95 66 31 77 49 15 45 11 95 73 48 87 23 36 100 16 
29 41 73 23 69 0 62 16 26 76 85 9 59 10 78 41 58 8 3 18 68 16 63 34 
98 86 77 84 84 62 0 92 65 48 2 38 43 51 67 1 37 69 32 31 30 58 86 48 
77 40 17 23 28 16 92 0 85 86 40 93 92 12 73 72 62 0 91 6 100 33 21 60 
91 55 11 0 95 26 65 85 0 88 64 35 32 9 40 61 47 59 17 43 56 55 0 70 
95 0 14 45 66 76 48 86 88 0 41 16 2 96 52 89 19 56 30 87 58 69 98 67 
25 59 17 20 31 85 2 40 64 41 0 16 30 19 35 90 45 24 48 91 78 44 96 19 
40 77 0 32 77 9 38 93 35 16 16 0 95 70 47 72 70 100 38 40 44 100 91 62 
62 30 16 26 49 59 43 92 32 2 30 95 0 77 91 31 98 14 99 77 65 0 39 63 
30 1 68 22 15 10 51 12 9 96 19 70 77 0 22 54 53 53 43 48 58 59 10 52 
2 39 86 48 45 78 67 73 40 52 35 47 91 22 0 68 95 88 57 47 47 3 32 15 
88 74 87 87 11 41 1 72 61 89 90 72 31 54 68 0 43 48 73 68 4 74 18 31 
2 30 89 79 95 58 37 62 47 19 45 70 98 53 95 43 0 42 94 56 54 89 68 4 
6 0 15 62 73 8 69 0 59 56 24 100 14 53 88 48 42 0 46 96 32 15 86 72 
96 29 97 48 48 3 32 91 17 30 48 38 99 43 57 73 94 46 0 66 71 58 20 31 
52 95 11 10 87 18 31 6 43 87 91 40 77 48 47 68 56 96 66 0 48 13 4 94 
4 83 61 36 23 68 30 100 56 58 78 44 65 58 47 4 54 32 71 48 0 93 96 53 
25 49 18 55 36 16 58 33 55 69 44 100 0 59 3 74 89 15 58 13 93 0 65 4 
78 40 50 49 100 63 86 21 0 98 96 91 39 10 32 18 68 86 20 4 96 65 0 12 
42 36 93 50 16 34 48 60 70 67 19 62 63 52 15 31 4 72 31 94 53 4 12 0 
RRBBBBRRBRRBBRRRRBBBRBBR
