24
0 94 73 45 23 73 43 7 69 25 42 23 11 93 67 34 37 20 51 35 97 64 90 60 
94 0 99 60 64 18 41 80 68 47 62 73 33 90 100 13 50 86 37 93 38 64 28 57 
73 99 0 77 92 77 90 13 92 31 13 46 77 40 87 91 43 78 12 33 74 30 22 95 
45 60 77 0 51 74 15 83 35 80 11 95 13 36 96 31 53 82 52 10 28 40 95 99 
23 64 92 51 0 69 0 20 63 4 75 23 25 63 53 47 65 87 57 33 63 46 72 39 
73 18 77 74 69 0 59 97 46 4 46 70 61 79 1 1 35 20 90 74 49 88 82 63 
43 41 90 15 0 59 0 80 13 33 8 43 41 19 7 89 79 51 52 83 98 72 41 47 
7 80 13 83 20 97 80 0 49 82 35 50 75 36 69 81 2 46 84 78 43 97 38 33 
69 68 92 35 63 46 13 49 0 34 98 99 35 5 51 36 36 72 58 14 20 1 63 13 
25 47 31 80 4 4 33 82 34 0 54 21 84 100 4 59 96 25 40 85 90 55 2 87 
42 62 13 11 75 46 8 35 98 54 0 32 98 43 56 83 18 90 84 99 89 91 19 52 
23 73 46 95 23 70 43 50 99 21 32 0 39 75 70 50 79 3 14 42 30 25 10 3 
11 33 77 13 25 61 41 75 35 84 98 39 0 56 74 26 72 55 27 51 67 50 57 33 
93 90 40 36 63 79 19 36 5 100 43 75 56 0 78 36 44 43 86 72 25 56 24 26 
67 100 87 96 53 1 7 69 51 4 56 70 74 78 0 45 78 4 61 29 84 44 84 87 
34 13 91 31 47 1 89 81 36 59 83 50 26 36 45 0 73 60 36 68 95 15 50 41 
37 50 43 53 65 35 79 2 36 96 18 79 72 44 78 73 0 9 51 48 14 47 65 4 
20 86 78 82 87 20 51 46 72 25 90 3 55 43 4 60 9 0 49 65 81 38 14 2 
51 37 12 52 57 90 52 84 58 40 84 14 27 86 61 36 51 49 0 23 21 15 85 36 
35 93 33 10 33 74 83 78 14 85 99 42 51 72 29 68 48 65 23 0 28 66 11 57 
97 38 74 28 63 49 98 43 20 90 89 30 67 25 84 95 14 81 21 28 0 44 90 0 
64 64 30 40 46 88 72 97 1 55 91 25 50 56 44 15 47 38 15 66 44 0 55 10 
90 28 22 95 72 82 41 38 63 2 19 10 57 24 84 50 65 14 85 11 90 55 0 61 
60 57 95 99 39 63 47 33 13 87 52 3 33 26 87 41 4 2 36 57 0 10 61 0 
BBRRBRBRBBRBRRBRRBRBRRBB
