18
0 86 63 44 1 83 12 25 6 22 66 9 29 65 43 79 80 63 
86 0 99 9 92 2 36 50 64 79 17 97 30 98 28 81 5 39 
63 99 0 84 52 93 71 81 82 16 4 85 25 49 85 82 60 42 
44 9 84 0 41 49 3 89 59 87 34 77 97 72 98 69 5 50 
1 92 52 41 0 11 84 49 63 7 64 70 43 98 77 31 9 5 
83 2 93 49 11 0 0 16 1 62 16 60 39 35 86 77 27 49 
12 36 71 3 84 0 0 43 98 99 24 41 78 0 86 33 2 21 
25 50 81 89 49 16 43 0 13 42 90 60 41 37 67 93 44 66 
6 64 82 59 63 1 98 13 0 55 29 4 23 84 50 99 10 16 
22 79 16 87 7 62 99 42 55 0 34 93 84 53 83 7 21 36 
66 17 4 34 64 16 24 90 29 34 0 31 3 62 79 13 50 81 
9 97 85 77 70 60 41 60 4 93 31 0 41 61 16 51 97 45 
29 30 25 97 43 39 78 41 23 84 3 41 0 7 24 50 45 13 
65 98 49 72 98 35 0 37 84 53 62 61 7 0 53 85 72 57 
43 28 85 98 77 86 86 67 50 83 79 16 24 53 0 8 56 19 
79 81 82 69 31 77 33 93 99 7 13 51 50 85 8 0 81 19 
80 5 60 5 9 27 2 44 10 21 50 97 45 72 56 81 0 82 
63 39 42 50 5 49 21 66 16 36 81 45 13 57 19 19 82 0 
BRRBRBRBBRBRBBRRRB
