22
0 13 100 17 81 97 16 26 48 42 49 69 6 46 3 24 57 4 63 38 38 4 
13 0 34 68 70 36 46 49 49 48 83 87 91 41 20 45 81 16 26 52 87 99 
100 34 0 83 90 37 19 3 39 89 31 17 68 80 85 0 58 4 27 79 85 89 
17 68 83 0 85 20 88 73 72 76 20 99 100 18 87 86 41 55 42 73 36 50 
81 70 90 85 0 65 3 57 95 8 80 35 23 20 21 38 35 34 73 98 9 22 
97 36 37 20 65 0 84 28 32 57 77 26 67 82 63 80 39 73 62 92 22 1 
16 46 19 88 3 84 0 53 93 100 86 25 45 76 96 38 18 49 11 35 23 57 
26 49 3 73 57 28 53 0 81 9 39 18 89 89 9 50 30 85 77 31 87 4 
48 49 39 72 95 32 93 81 0 92 64 94 58 4 63 59 73 77 19 25 11 83 
42 48 89 76 8 57 100 9 92 0 0 59 58 71 21 35 96 41 56 20 26 58 
49 83 31 20 80 77 86 39 64 0 0 78 90 59 19 0 70 85 68 27 0 8 
69 87 17 99 35 26 25 18 94 59 78 0 44 43 70 16 33 29 85 3 50 40 
6 91 68 100 23 67 45 89 58 58 90 44 0 68 14 8 69 87 22 98 58 80 
46 41 80 18 20 82 76 89 4 71 59 43 68 0 12 60 37 92 37 78 44 77 
3 20 85 87 21 63 96 9 63 21 19 70 14 12 0 65 19 76 94 91 20 74 
24 45 0 86 38 80 38 50 59 35 0 16 8 60 65 0 81 57 1 81 69 92 
57 81 58 41 35 39 18 30 73 96 70 33 69 37 19 81 0 13 98 18 35 39 
4 16 4 55 34 73 49 85 77 41 85 29 87 92 76 57 13 0 93 5 56 65 
63 26 27 42 73 62 11 77 19 56 68 85 22 37 94 1 98 93 0 45 70 67 
38 52 79 73 98 92 35 31 25 20 27 3 98 78 91 81 18 5 45 0 76 28 
38 87 85 36 9 22 23 87 11 26 0 50 58 44 20 69 35 56 70 76 0 0 
4 99 89 50 22 1 57 4 83 58 8 40 80 77 74 92 39 65 67 28 0 0 
BBBBRBRBBBRBRRBBRRRRRR
