8
0 63 77 13 15 65 60 96 
63 0 55 85 41 91 93 23 
77 55 0 16 13 58 4 7 
13 85 16 0 74 7 56 31 
15 41 13 74 0 52 48 10 
65 91 58 7 52 0 93 25 
60 93 4 56 48 93 0 30 
96 23 7 31 10 25 30 0 
RRBBRRBB
