8
0 22 100 55 26 77 47 72 
22 0 28 46 41 31 34 67 
100 28 0 19 39 34 41 23 
55 46 19 0 24 84 100 59 
26 41 39 24 0 32 5 3 
77 31 34 84 32 0 20 95 
47 34 41 100 5 20 0 24 
72 67 23 59 3 95 24 0 
BRBRRRBB
