26
0 7 49 45 2 46 100 99 50 75 43 13 56 26 84 65 66 57 23 72 91 38 0 27 51 69 
7 0 74 99 25 36 73 71 77 75 70 57 43 1 54 73 23 84 34 87 91 86 40 51 2 100 
49 74 0 74 3 21 49 90 57 0 30 92 4 89 30 5 15 88 7 29 43 30 86 34 0 94 
45 99 74 0 1 12 3 90 37 2 94 41 58 98 82 12 19 61 61 72 3 83 85 76 72 74 
2 25 3 1 0 30 96 97 97 78 6 55 44 54 67 81 30 88 58 26 70 43 11 64 21 2 
46 36 21 12 30 0 61 41 66 9 28 43 33 37 3 82 13 51 82 33 19 65 11 56 3 62 
100 73 49 3 96 61 0 35 78 73 69 10 73 9 12 6 5 12 22 70 21 10 96 47 66 34 
99 71 90 90 97 41 35 0 15 93 73 7 49 55 24 73 64 96 12 28 38 81 13 4 89 17 
50 77 57 37 97 66 78 15 0 66 95 37 60 15 78 95 12 82 58 8 16 61 19 3 78 19 
75 75 0 2 78 9 73 93 66 0 22 3 4 7 47 41 98 68 57 69 2 9 67 30 35 25 
43 70 30 94 6 28 69 73 95 22 0 23 39 12 50 67 98 43 31 8 57 8 35 7 71 13 
13 57 92 41 55 43 10 7 37 3 23 0 66 26 24 71 9 65 80 63 33 96 4 60 71 49 
56 43 4 58 44 33 73 49 60 4 39 66 0 69 50 49 19 61 26 31 96 4 85 1 0 52 
26 1 89 98 54 37 9 55 15 7 12 26 69 0 77 56 17 68 10 27 16 26 59 95 19 60 
84 54 30 82 67 3 12 24 78 47 50 24 50 77 0 47 26 1 81 1 31 30 22 96 64 43 
65 73 5 12 81 82 6 73 95 41 67 71 49 56 47 0 53 44 99 43 9 97 51 72 17 59 
66 23 15 19 30 13 5 64 12 98 98 9 19 17 26 53 0 78 32 18 44 29 12 45 15 64 
57 84 88 61 88 51 12 96 82 68 43 65 61 68 1 44 78 0 48 98 79 17 34 80 15 93 
23 34 7 61 58 82 22 12 58 57 31 80 26 10 81 99 32 48 0 95 59 54 81 33 67 32 
72 87 29 72 26 33 70 28 8 69 8 63 31 27 1 43 18 98 95 0 65 79 8 93 60 92 
91 91 43 3 70 19 21 38 16 2 57 33 96 16 31 9 44 79 59 65 0 49 93 22 76 18 
38 86 30 83 43 65 10 81 61 9 8 96 4 26 30 97 29 17 54 79 49 0 98 70 97 4 
0 40 86 85 11 11 96 13 19 67 35 4 85 59 22 51 12 34 81 8 93 98 0 53 97 55 
27 51 34 76 64 56 47 4 3 30 7 60 1 95 96 72 45 80 33 93 22 70 53 0 97 92 
51 2 0 72 21 3 66 89 78 35 71 71 0 19 64 17 15 15 67 60 76 97 97 97 0 83 
69 100 94 74 2 62 34 17 19 25 13 49 52 60 43 59 64 93 32 92 18 4 55 92 83 0 
RRBRBRRBBRRBRRBBBRBBBBRRBR
