18
0 63 45 68 63 7 35 9 91 51 10 74 53 97 94 52 12 83 
63 0 59 39 14 66 54 85 38 11 67 48 80 4 25 18 7 92 
45 59 0 57 66 23 85 19 15 94 68 13 47 33 89 89 53 85 
68 39 57 0 49 51 21 47 11 45 93 18 98 13 61 88 68 80 
63 14 66 49 0 17 89 64 26 86 13 74 91 20 86 81 11 3 
7 66 23 51 17 0 67 79 62 68 70 26 32 41 31 33 51 22 
35 54 85 21 89 67 0 67 24 78 72 8 93 75 85 4 13 15 
9 85 19 47 64 79 67 0 46 14 79 39 43 68 1 32 76 84 
91 38 15 11 26 62 24 46 0 24 91 43 8 36 41 7 59 51 
51 11 94 45 86 68 78 14 24 0 100 15 24 55 99 3 5 57 
10 67 68 93 13 70 72 79 91 100 0 12 9 94 90 50 46 36 
74 48 13 18 74 26 8 39 43 15 12 0 17 53 6 50 22 21 
53 80 47 98 91 32 93 43 8 24 9 17 0 19 46 5 46 68 
97 4 33 13 20 41 75 68 36 55 94 53 19 0 100 78 12 58 
94 25 89 61 86 31 85 1 41 99 90 6 46 100 0 36 38 46 
52 18 89 88 81 33 4 32 7 3 50 50 5 78 36 0 74 38 
12 7 53 68 11 51 13 76 59 5 46 22 46 12 38 74 0 85 
83 92 85 80 3 22 15 84 51 57 36 21 68 58 46 38 85 0 
RBRBRRRRBBRBBRBBBR
