8
0 93 21 55 10 42 7 18 
93 0 38 62 49 17 43 47 
21 38 0 22 1 98 71 84 
55 62 22 0 4 96 28 80 
10 49 1 4 0 79 61 77 
42 17 98 96 79 0 24 55 
7 43 71 28 61 24 0 43 
18 47 84 80 77 55 43 0 
BRBBBRRR
