24
0 65 85 50 38 39 16 100 87 47 8 22 61 60 57 84 75 31 34 81 43 37 30 44 
65 0 68 39 61 26 19 89 81 91 35 84 24 56 71 56 2 10 45 73 30 2 76 15 
85 68 0 82 34 38 60 34 48 61 83 25 4 83 7 59 27 89 65 3 87 11 52 59 
50 39 82 0 94 12 48 1 54 28 51 64 95 77 35 53 12 32 98 28 92 47 89 10 
38 61 34 94 0 77 24 26 61 62 79 12 4 69 29 75 50 23 77 56 31 88 56 95 
39 26 38 12 77 0 88 48 55 11 93 11 43 9 49 89 75 83 46 30 93 25 24 98 
16 19 60 48 24 88 0 26 42 78 76 71 58 74 15 39 96 47 95 49 10 85 72 56 
100 89 34 1 26 48 26 0 76 74 88 43 55 4 25 85 6 72 46 76 33 79 2 19 
87 81 48 54 61 55 42 76 0 24 54 63 84 57 93 49 86 21 56 58 58 90 76 10 
47 91 61 28 62 11 78 74 24 0 52 11 22 40 72 81 22 36 50 30 65 51 4 16 
8 35 83 51 79 93 76 88 54 52 0 68 33 75 78 91 44 68 40 92 44 2 55 23 
22 84 25 64 12 11 71 43 63 11 68 0 4 73 51 54 53 66 62 75 66 7 31 19 
61 24 4 95 4 43 58 55 84 22 33 4 0 76 37 92 37 82 16 28 47 73 0 62 
60 56 83 77 69 9 74 4 57 40 75 73 76 0 28 53 12 13 71 43 63 85 34 8 
57 71 7 35 29 49 15 25 93 72 78 51 37 28 0 24 81 70 83 7 11 61 35 29 
84 56 59 53 75 89 39 85 49 81 91 54 92 53 24 0 75 96 47 18 95 85 48 26 
75 2 27 12 50 75 96 6 86 22 44 53 37 12 81 75 0 86 4 62 53 88 71 65 
31 10 89 32 23 83 47 72 21 36 68 66 82 13 70 96 86 0 64 1 15 74 48 95 
34 45 65 98 77 46 95 46 56 50 40 62 16 71 83 47 4 64 0 35 77 88 32 46 
81 73 3 28 56 30 49 76 58 30 92 75 28 43 7 18 62 1 35 0 52 14 41 23 
43 30 87 92 31 93 10 33 58 65 44 66 47 63 11 95 53 15 77 52 0 98 58 51 
37 2 11 47 88 25 85 79 90 51 2 7 73 85 61 85 88 74 88 14 98 0 18 42 
30 76 52 89 56 24 72 2 76 4 55 31 0 34 35 48 71 48 32 41 58 18 0 20 
44 15 59 10 95 98 56 19 10 16 23 19 62 8 29 26 65 95 46 23 51 42 20 0 
BBRBBRBBRBBBRRRBBRRBRRRR
