22
0 20 77 47 45 23 44 6 46 51 78 70 35 11 34 45 97 74 80 32 81 98 
20 0 79 65 70 37 44 9 3 93 53 1 87 76 55 46 19 72 24 16 49 82 
77 79 0 46 100 94 52 1 41 54 33 23 83 80 99 42 59 19 73 62 88 85 
47 65 46 0 18 92 24 0 17 89 94 79 54 30 61 34 79 3 97 0 83 20 
45 70 100 18 0 39 22 11 97 75 33 21 95 85 44 55 57 30 31 19 80 77 
23 37 94 92 39 0 92 13 97 33 78 94 4 95 92 91 17 32 96 82 19 93 
44 44 52 24 22 92 0 52 52 56 25 53 2 6 11 98 27 13 88 2 29 68 
6 9 1 0 11 13 52 0 80 36 64 36 52 41 16 10 99 52 69 77 88 37 
46 3 41 17 97 97 52 80 0 83 9 81 34 98 5 8 27 90 26 4 33 62 
51 93 54 89 75 33 56 36 83 0 67 92 83 55 56 72 70 71 77 98 37 94 
78 53 33 94 33 78 25 64 9 67 0 17 95 6 84 78 13 58 80 40 85 43 
70 1 23 79 21 94 53 36 81 92 17 0 82 55 99 25 23 83 87 29 30 69 
35 87 83 54 95 4 2 52 34 83 95 82 0 63 5 54 17 25 46 35 65 20 
11 76 80 30 85 95 6 41 98 55 6 55 63 0 84 21 0 7 81 88 37 100 
34 55 99 61 44 92 11 16 5 56 84 99 5 84 0 32 74 19 83 86 94 6 
45 46 42 34 55 91 98 10 8 72 78 25 54 21 32 0 41 96 100 84 71 72 
97 19 59 79 57 17 27 99 27 70 13 23 17 0 74 41 0 27 39 23 51 77 
74 72 19 3 30 32 13 52 90 71 58 83 25 7 19 96 27 0 52 5 39 36 
80 24 73 97 31 96 88 69 26 77 80 87 46 81 83 100 39 52 0 9 75 62 
32 16 62 0 19 82 2 77 4 98 40 29 35 88 86 84 23 5 9 0 16 96 
81 49 88 83 80 19 29 88 33 37 85 30 65 37 94 71 51 39 75 16 0 17 
98 82 85 20 77 93 68 37 62 94 43 69 20 100 6 72 77 36 62 96 17 0 
BRRRBBRBRRBBRRRBBBRRBB
