20
0 84 39 6 98 79 7 64 32 5 17 76 97 27 12 37 80 47 45 1 
84 0 65 61 4 91 84 95 8 32 76 22 43 19 5 40 25 42 46 53 
39 65 0 78 97 73 47 86 54 85 18 31 31 6 31 94 19 8 50 95 
6 61 78 0 87 62 7 55 74 42 38 37 84 15 22 77 37 14 22 100 
98 4 97 87 0 90 83 71 18 70 9 18 53 41 98 65 62 50 4 44 
79 91 73 62 90 0 62 33 23 54 78 24 40 80 41 36 77 44 77 97 
7 84 47 7 83 62 0 48 64 35 95 7 46 27 89 81 59 6 11 24 
64 95 86 55 71 33 48 0 66 87 58 80 23 14 6 76 82 23 95 10 
32 8 54 74 18 23 64 66 0 68 37 12 58 55 12 82 99 56 42 99 
5 32 85 42 70 54 35 87 68 0 20 94 66 2 3 31 97 63 73 95 
17 76 18 38 9 78 95 58 37 20 0 25 68 73 34 84 83 37 77 31 
76 22 31 37 18 24 7 80 12 94 25 0 99 40 60 16 78 53 87 11 
97 43 31 84 53 40 46 23 58 66 68 99 0 91 69 19 84 63 35 46 
27 19 6 15 41 80 27 14 55 2 73 40 91 0 49 15 81 24 67 16 
12 5 31 22 98 41 89 6 12 3 34 60 69 49 0 90 42 89 5 4 
37 40 94 77 65 36 81 76 82 31 84 16 19 15 90 0 88 85 31 46 
80 25 19 37 62 77 59 82 99 97 83 78 84 81 42 88 0 82 9 10 
47 42 8 14 50 44 6 23 56 63 37 53 63 24 89 85 82 0 44 82 
45 46 50 22 4 77 11 95 42 73 77 87 35 67 5 31 9 44 0 68 
1 53 95 100 44 97 24 10 99 95 31 11 46 16 4 46 10 82 68 0 
BBRRBBBRBBRRRRBRRBBR
