6
0 28 36 84 90 24 
28 0 0 97 19 89 
36 0 0 72 61 18 
84 97 72 0 94 78 
90 19 61 94 0 36 
24 89 18 78 36 0 
RRRBBB
