18
0 92 56 90 96 66 58 9 68 18 19 100 46 30 40 35 91 19 
92 0 57 21 42 26 71 73 46 79 47 66 10 84 18 19 19 76 
56 57 0 68 78 70 13 28 33 85 26 29 21 48 82 55 41 44 
90 21 68 0 73 23 98 50 81 55 16 55 27 59 10 78 92 5 
96 42 78 73 0 63 11 21 99 76 97 19 50 77 77 69 30 41 
66 26 70 23 63 0 69 85 75 78 23 87 65 84 24 54 86 67 
58 71 13 98 11 69 0 9 96 29 51 32 23 50 77 23 53 63 
9 73 28 50 21 85 9 0 35 34 94 14 95 64 16 19 10 70 
68 46 33 81 99 75 96 35 0 20 25 4 71 53 60 81 45 37 
18 79 85 55 76 78 29 34 20 0 82 28 56 41 35 96 31 74 
19 47 26 16 97 23 51 94 25 82 0 69 26 93 81 42 46 64 
100 66 29 55 19 87 32 14 4 28 69 0 92 47 10 90 87 47 
46 10 21 27 50 65 23 95 71 56 26 92 0 47 25 21 80 96 
30 84 48 59 77 84 50 64 53 41 93 47 47 0 65 71 59 54 
40 18 82 10 77 24 77 16 60 35 81 10 25 65 0 14 6 69 
35 19 55 78 69 54 23 19 81 96 42 90 21 71 14 0 7 14 
91 19 41 92 30 86 53 10 45 31 46 87 80 59 6 7 0 85 
19 76 44 5 41 67 63 70 37 74 64 47 96 54 69 14 85 0 
RRRRBRRRBBBBBBRRBB
