20
0 41 2 22 50 55 11 24 49 31 59 22 76 40 29 57 43 46 95 7 
41 0 59 3 80 33 27 35 80 54 58 0 39 89 20 58 21 66 34 100 
2 59 0 43 41 58 25 76 79 4 74 91 26 54 11 16 85 78 45 19 
22 3 43 0 9 92 82 18 28 42 31 75 44 34 49 26 81 15 72 61 
50 80 41 9 0 76 34 32 53 81 7 62 99 16 63 32 1 25 73 3 
55 33 58 92 76 0 66 35 22 17 84 62 56 90 57 80 96 90 78 30 
11 27 25 82 34 66 0 91 26 94 66 83 15 64 94 36 60 39 29 30 
24 35 76 18 32 35 91 0 28 42 1 86 0 54 25 32 34 16 33 65 
49 80 79 28 53 22 26 28 0 28 32 97 45 12 3 11 92 38 16 71 
31 54 4 42 81 17 94 42 28 0 88 93 30 6 66 40 28 67 48 59 
59 58 74 31 7 84 66 1 32 88 0 75 43 42 49 8 61 69 13 65 
22 0 91 75 62 62 83 86 97 93 75 0 39 59 55 36 73 79 5 64 
76 39 26 44 99 56 15 0 45 30 43 39 0 59 49 9 29 59 10 84 
40 89 54 34 16 90 64 54 12 6 42 59 59 0 52 64 25 65 63 64 
29 20 11 49 63 57 94 25 3 66 49 55 49 52 0 4 10 11 17 79 
57 58 16 26 32 80 36 32 11 40 8 36 9 64 4 0 47 14 2 43 
43 21 85 81 1 96 60 34 92 28 61 73 29 25 10 47 0 14 91 14 
46 66 78 15 25 90 39 16 38 67 69 79 59 65 11 14 14 0 20 89 
95 34 45 72 73 78 29 33 16 48 13 5 10 63 17 2 91 20 0 63 
7 100 19 61 3 30 30 65 71 59 65 64 84 64 79 43 14 89 63 0 
RRBRBRBRBBRRBBRRRBBB
