32
0 92 68 20 94 41 33 26 68 89 89 12 0 25 32 46 46 45 48 24 8 95 97 69 74 93 81 81 70 74 36 62 
92 0 23 16 10 7 49 51 89 99 30 53 55 54 33 29 27 54 12 70 57 97 62 51 63 51 41 92 59 51 54 94 
68 23 0 70 35 78 65 47 53 31 24 79 59 36 20 32 56 35 74 72 61 96 18 0 44 26 78 99 36 55 37 13 
20 16 70 0 86 26 68 99 16 70 51 51 18 35 44 96 0 2 25 60 16 85 37 43 32 49 2 11 56 3 55 50 
94 10 35 86 0 35 76 98 40 13 26 68 81 5 23 53 98 69 46 61 8 76 98 4 98 55 73 66 16 1 96 13 
41 7 78 26 35 0 25 42 6 65 99 29 62 80 15 39 73 51 16 30 90 65 45 90 4 91 48 46 32 17 87 88 
33 49 65 68 76 25 0 30 21 81 80 43 69 76 31 49 50 9 78 0 100 79 38 72 21 10 24 57 37 21 45 43 
26 51 47 99 98 42 30 0 26 47 21 45 20 93 60 31 42 8 36 1 27 12 77 82 15 62 25 100 40 36 22 90 
68 89 53 16 40 6 21 26 0 44 25 58 4 74 13 21 95 59 42 97 57 3 13 73 80 36 94 59 0 69 82 86 
89 99 31 70 13 65 81 47 44 0 17 76 54 12 14 87 93 44 33 57 10 26 44 69 63 18 78 90 67 3 54 93 
89 30 24 51 26 99 80 21 25 17 0 63 69 18 93 93 77 77 23 37 99 51 93 9 66 4 36 20 73 0 85 83 
12 53 79 51 68 29 43 45 58 76 63 0 48 73 50 82 99 29 91 76 34 22 43 38 51 84 3 92 13 93 3 3 
0 55 59 18 81 62 69 20 4 54 69 48 0 70 90 44 30 65 88 58 47 42 88 5 78 19 79 89 58 82 54 91 
25 54 36 35 5 80 76 93 74 12 18 73 70 0 21 90 33 12 17 72 27 63 98 19 65 4 7 75 45 3 35 19 
32 33 20 44 23 15 31 60 13 14 93 50 90 21 0 70 85 27 20 46 41 77 0 1 95 98 39 64 85 76 30 68 
46 29 32 96 53 39 49 31 21 87 93 82 44 90 70 0 9 60 75 20 26 82 31 94 54 33 96 8 84 71 47 21 
46 27 56 0 98 73 50 42 95 93 77 99 30 33 85 9 0 42 67 82 84 52 88 64 17 93 11 92 69 56 46 87 
45 54 35 2 69 51 9 8 59 44 77 29 65 12 27 60 42 0 24 59 96 72 86 41 76 83 36 32 29 46 28 8 
48 12 74 25 46 16 78 36 42 33 23 91 88 17 20 75 67 24 0 67 5 92 7 10 59 76 73 44 23 16 99 7 
24 70 72 60 61 30 0 1 97 57 37 76 58 72 46 20 82 59 67 0 65 44 43 98 3 6 73 34 35 37 58 6 
8 57 61 16 8 90 100 27 57 10 99 34 47 27 41 26 84 96 5 65 0 99 7 98 12 7 81 98 48 16 95 0 
95 97 96 85 76 65 79 12 3 26 51 22 42 63 77 82 52 72 92 44 99 0 79 82 86 11 19 56 28 88 10 84 
97 62 18 37 98 45 38 77 13 44 93 43 88 98 0 31 88 86 7 43 7 79 0 71 36 13 73 55 99 18 39 53 
69 51 0 43 4 90 72 82 73 69 9 38 5 19 1 94 64 41 10 98 98 82 71 0 46 7 74 19 94 15 98 9 
74 63 44 32 98 4 21 15 80 63 66 51 78 65 95 54 17 76 59 3 12 86 36 46 0 12 70 28 96 39 62 63 
93 51 26 49 55 91 10 62 36 18 4 84 19 4 98 33 93 83 76 6 7 11 13 7 12 0 22 43 94 93 57 41 
81 41 78 2 73 48 24 25 94 78 36 3 79 7 39 96 11 36 73 73 81 19 73 74 70 22 0 66 8 20 4 92 
81 92 99 11 66 46 57 100 59 90 20 92 89 75 64 8 92 32 44 34 98 56 55 19 28 43 66 0 80 46 52 38 
70 59 36 56 16 32 37 40 0 67 73 13 58 45 85 84 69 29 23 35 48 28 99 94 96 94 8 80 0 3 38 6 
74 51 55 3 1 17 21 36 69 3 0 93 82 3 76 71 56 46 16 37 16 88 18 15 39 93 20 46 3 0 13 72 
36 54 37 55 96 87 45 22 82 54 85 3 54 35 30 47 46 28 99 58 95 10 39 98 62 57 4 52 38 13 0 54 
62 94 13 50 13 88 43 90 86 93 83 3 91 19 68 21 87 8 7 6 0 84 53 9 63 41 92 38 6 72 54 0 
RBBBRBRBBRRBRBRBRBRBRRBBRRRBRBBR
