6
0 77 37 14 27 95 
77 0 54 6 63 58 
37 54 0 90 16 53 
14 6 90 0 41 54 
27 63 16 41 0 94 
95 58 53 54 94 0 
RRBRBB
