32
0 92 50 52 64 0 87 61 70 9 73 34 60 92 20 70 9 12 91 34 13 39 43 46 97 48 8 84 7 80 22 74 
92 0 67 86 15 11 76 57 28 26 96 50 96 51 28 24 72 67 94 26 90 62 37 79 83 54 7 36 43 97 89 97 
50 67 0 55 86 43 40 37 56 6 34 93 61 2 95 24 48 87 64 100 85 7 9 65 43 61 7 34 9 16 28 75 
52 86 55 0 68 17 23 27 93 72 100 27 65 72 71 2 90 53 44 99 34 62 64 66 78 19 21 77 4 17 61 68 
64 15 86 68 0 21 46 56 93 86 76 17 51 86 21 13 66 66 10 35 49 63 59 32 15 98 74 8 68 51 71 99 
0 11 43 17 21 0 51 26 65 49 43 17 82 77 10 11 65 29 89 42 94 36 83 79 68 16 26 74 82 88 36 78 
87 76 40 23 46 51 0 64 32 42 66 41 21 58 60 54 64 24 49 48 100 42 15 1 25 100 16 63 65 72 99 100 
61 57 37 27 56 26 64 0 72 14 43 0 21 53 21 5 10 30 28 92 89 30 68 41 89 59 8 88 16 48 38 84 
70 28 56 93 93 65 32 72 0 80 91 41 44 66 10 4 40 2 92 87 52 93 51 57 1 5 43 69 72 57 43 34 
9 26 6 72 86 49 42 14 80 0 94 63 61 66 65 91 16 59 62 80 34 56 15 29 60 39 38 73 15 2 64 14 
73 96 34 100 76 43 66 43 91 94 0 54 67 100 100 67 89 43 13 24 41 51 77 84 20 19 42 19 77 69 72 43 
34 50 93 27 17 17 41 0 41 63 54 0 32 19 39 99 54 7 0 80 94 11 8 95 98 62 67 3 67 27 55 8 
60 96 61 65 51 82 21 21 44 61 67 32 0 53 62 34 6 39 2 60 90 21 32 74 91 87 5 47 58 4 69 93 
92 51 2 72 86 77 58 53 66 66 100 19 53 0 70 47 65 55 59 19 98 4 64 81 80 27 41 34 8 61 86 94 
20 28 95 71 21 10 60 21 10 65 100 39 62 70 0 89 47 14 28 1 35 18 3 96 52 59 3 10 33 94 84 63 
70 24 24 2 13 11 54 5 4 91 67 99 34 47 89 0 75 31 79 22 62 74 70 93 5 1 81 1 33 96 5 6 
9 72 48 90 66 65 64 10 40 16 89 54 6 65 47 75 0 35 22 13 98 99 54 22 18 47 100 100 33 21 5 83 
12 67 87 53 66 29 24 30 2 59 43 7 39 55 14 31 35 0 94 77 100 95 40 42 34 2 64 10 39 62 75 87 
91 94 64 44 10 89 49 28 92 62 13 0 2 59 28 79 22 94 0 84 24 62 72 25 80 46 54 95 93 95 15 19 
34 26 100 99 35 42 48 92 87 80 24 80 60 19 1 22 13 77 84 0 94 93 69 46 15 80 25 56 95 50 38 3 
13 90 85 34 49 94 100 89 52 34 41 94 90 98 35 62 98 100 24 94 0 3 62 11 100 61 23 57 95 46 62 13 
39 62 7 62 63 36 42 30 93 56 51 11 21 4 18 74 99 95 62 93 3 0 76 19 94 93 71 21 90 15 29 30 
43 37 9 64 59 83 15 68 51 15 77 8 32 64 3 70 54 40 72 69 62 76 0 7 62 39 91 20 65 32 92 84 
46 79 65 66 32 79 1 41 57 29 84 95 74 81 96 93 22 42 25 46 11 19 7 0 95 40 79 16 26 100 81 4 
97 83 43 78 15 68 25 89 1 60 20 98 91 80 52 5 18 34 80 15 100 94 62 95 0 4 88 36 32 95 96 92 
48 54 61 19 98 16 100 59 5 39 19 62 87 27 59 1 47 2 46 80 61 93 39 40 4 0 72 66 30 66 50 88 
8 7 7 21 74 26 16 8 43 38 42 67 5 41 3 81 100 64 54 25 23 71 91 79 88 72 0 18 9 80 50 65 
84 36 34 77 8 74 63 88 69 73 19 3 47 34 10 1 100 10 95 56 57 21 20 16 36 66 18 0 3 12 46 0 
7 43 9 4 68 82 65 16 72 15 77 67 58 8 33 33 33 39 93 95 95 90 65 26 32 30 9 3 0 69 46 5 
80 97 16 17 51 88 72 48 57 2 69 27 4 61 94 96 21 62 95 50 46 15 32 100 95 66 80 12 69 0 65 10 
22 89 28 61 71 36 99 38 43 64 72 55 69 86 84 5 5 75 15 38 62 29 92 81 96 50 50 46 46 65 0 10 
74 97 75 68 99 78 100 84 34 14 43 8 93 94 63 6 83 87 19 3 13 30 84 4 92 88 65 0 5 10 10 0 
RBBRRBRBBBRRBBBBRBRRRBRRRBBBRBRR
