32
0 41 99 36 63 10 80 47 38 91 74 4 5 50 15 93 48 84 1 95 25 3 59 28 8 25 46 16 49 59 42 0 
41 0 44 22 16 31 62 8 73 19 47 0 17 77 63 52 98 47 87 71 96 3 5 81 19 43 40 81 72 4 84 72 
99 44 0 15 69 5 46 90 82 20 100 19 0 43 4 28 0 14 33 81 60 53 50 21 79 78 29 12 53 21 90 73 
36 22 15 0 72 47 92 87 81 30 31 84 64 60 32 37 96 59 69 67 49 57 38 17 22 19 63 35 49 81 50 94 
63 16 69 72 0 90 0 14 71 24 100 100 32 26 79 13 94 99 56 92 95 6 52 59 45 34 56 73 79 31 97 25 
10 31 5 47 90 0 60 52 78 88 79 9 40 35 23 54 94 99 53 52 11 67 97 56 69 21 33 0 18 62 93 26 
80 62 46 92 0 60 0 97 4 27 3 78 69 15 7 37 54 56 94 97 58 93 27 52 91 43 65 56 55 9 45 30 
47 8 90 87 14 52 97 0 99 100 19 52 99 58 43 20 10 61 20 18 73 97 88 30 91 88 93 85 61 26 38 4 
38 73 82 81 71 78 4 99 0 28 63 40 48 44 36 28 1 78 60 51 76 41 28 66 60 8 95 2 92 7 63 50 
91 19 20 30 24 88 27 100 28 0 73 23 88 0 60 65 80 32 46 73 59 10 65 22 28 86 49 57 100 18 1 7 
74 47 100 31 100 79 3 19 63 73 0 0 69 43 0 54 32 26 73 71 32 54 13 65 71 86 81 84 43 43 61 44 
4 0 19 84 100 9 78 52 40 23 0 0 48 86 89 75 68 48 14 53 61 45 99 54 49 86 15 65 35 53 81 9 
5 17 0 64 32 40 69 99 48 88 69 48 0 65 19 38 56 94 18 35 4 43 57 0 2 2 26 53 12 43 91 18 
50 77 43 60 26 35 15 58 44 0 43 86 65 0 8 2 87 82 53 55 36 43 97 76 55 33 16 38 27 22 56 88 
15 63 4 32 79 23 7 43 36 60 0 89 19 8 0 43 89 83 48 26 54 96 6 84 43 57 90 37 26 51 25 62 
93 52 28 37 13 54 37 20 28 65 54 75 38 2 43 0 72 86 60 54 42 96 45 6 32 66 95 61 94 9 2 24 
48 98 0 96 94 94 54 10 1 80 32 68 56 87 89 72 0 60 64 20 12 83 34 74 10 92 85 40 96 53 68 62 
84 47 14 59 99 99 56 61 78 32 26 48 94 82 83 86 60 0 64 42 14 22 79 76 39 41 94 1 43 66 6 60 
1 87 33 69 56 53 94 20 60 46 73 14 18 53 48 60 64 64 0 8 82 3 100 24 95 61 73 59 20 78 99 29 
95 71 81 67 92 52 97 18 51 73 71 53 35 55 26 54 20 42 8 0 55 53 96 42 41 78 9 68 14 24 61 85 
25 96 60 49 95 11 58 73 76 59 32 61 4 36 54 42 12 14 82 55 0 3 14 87 56 74 3 17 89 90 29 86 
3 3 53 57 6 67 93 97 41 10 54 45 43 43 96 96 83 22 3 53 3 0 3 72 34 80 54 81 0 82 67 37 
59 5 50 38 52 97 27 88 28 65 13 99 57 97 6 45 34 79 100 96 14 3 0 87 86 46 75 70 31 83 31 23 
28 81 21 17 59 56 52 30 66 22 65 54 0 76 84 6 74 76 24 42 87 72 87 0 59 74 10 73 1 83 6 63 
8 19 79 22 45 69 91 91 60 28 71 49 2 55 43 32 10 39 95 41 56 34 86 59 0 23 43 41 19 25 44 86 
25 43 78 19 34 21 43 88 8 86 86 86 2 33 57 66 92 41 61 78 74 80 46 74 23 0 71 41 48 30 18 83 
46 40 29 63 56 33 65 93 95 49 81 15 26 16 90 95 85 94 73 9 3 54 75 10 43 71 0 80 5 75 74 7 
16 81 12 35 73 0 56 85 2 57 84 65 53 38 37 61 40 1 59 68 17 81 70 73 41 41 80 0 45 81 62 59 
49 72 53 49 79 18 55 61 92 100 43 35 12 27 26 94 96 43 20 14 89 0 31 1 19 48 5 45 0 16 56 20 
59 4 21 81 31 62 9 26 7 18 43 53 43 22 51 9 53 66 78 24 90 82 83 83 25 30 75 81 16 0 79 24 
42 84 90 50 97 93 45 38 63 1 61 81 91 56 25 2 68 6 99 61 29 67 31 6 44 18 74 62 56 79 0 58 
0 72 73 94 25 26 30 4 50 7 44 9 18 88 62 24 62 60 29 85 86 37 23 63 86 83 7 59 20 24 58 0 
RBRBRBBRRRRBRRRRRRBBBBBRBBRRBBBB
