30
0 52 37 23 97 16 86 30 62 22 39 58 96 82 60 1 44 14 19 7 38 42 41 8 9 67 39 13 100 3 
52 0 33 40 8 72 77 80 63 17 85 77 35 71 1 85 24 86 47 53 35 30 89 26 15 45 30 46 91 1 
37 33 0 34 69 21 42 76 51 63 14 13 88 22 46 4 82 49 44 76 10 92 39 19 100 100 82 85 22 54 
23 40 34 0 49 58 67 29 43 78 13 7 95 87 2 46 93 85 29 4 91 66 52 97 50 6 26 9 75 78 
97 8 69 49 0 8 97 60 57 14 20 96 97 83 34 41 100 34 93 29 11 19 39 3 15 9 14 5 67 95 
16 72 21 58 8 0 92 42 9 95 67 82 9 68 60 0 3 22 89 81 66 19 40 6 3 74 96 21 47 69 
86 77 42 67 97 92 0 61 7 33 28 11 36 40 64 86 45 79 38 84 50 60 46 32 81 71 55 99 99 68 
30 80 76 29 60 42 61 0 85 37 65 52 1 71 58 27 37 18 86 42 92 24 11 94 37 94 59 90 69 81 
62 63 51 43 57 9 7 85 0 38 31 22 20 39 38 49 66 48 46 43 88 70 52 74 99 18 55 3 18 22 
22 17 63 78 14 95 33 37 38 0 39 26 31 26 0 78 64 50 22 63 91 74 19 68 57 32 7 31 30 71 
39 85 14 13 20 67 28 65 31 39 0 83 70 38 40 5 29 1 8 96 27 64 4 90 38 43 6 61 39 71 
58 77 13 7 96 82 11 52 22 26 83 0 26 17 50 81 91 16 2 65 7 49 84 68 6 92 100 71 21 54 
96 35 88 95 97 9 36 1 20 31 70 26 0 88 30 0 29 54 81 42 66 64 76 95 54 56 55 46 76 10 
82 71 22 87 83 68 40 71 39 26 38 17 88 0 37 5 66 2 47 62 93 7 31 74 73 2 33 10 10 40 
60 1 46 2 34 60 64 58 38 0 40 50 30 37 0 94 4 29 77 80 25 25 42 2 46 38 8 61 72 28 
1 85 4 46 41 0 86 27 49 78 5 81 0 5 94 0 53 39 62 49 65 88 60 57 27 43 68 89 34 1 
44 24 82 93 100 3 45 37 66 64 29 91 29 66 4 53 0 100 54 86 71 5 86 20 7 47 97 70 49 19 
14 86 49 85 34 22 79 18 48 50 1 16 54 2 29 39 100 0 2 100 34 11 49 63 97 38 51 79 87 63 
19 47 44 29 93 89 38 86 46 22 8 2 81 47 77 62 54 2 0 85 82 29 12 27 57 34 96 100 48 18 
7 53 76 4 29 81 84 42 43 63 96 65 42 62 80 49 86 100 85 0 15 58 46 30 67 30 3 47 77 70 
38 35 10 91 11 66 50 92 88 91 27 7 66 93 25 65 71 34 82 15 0 89 6 50 74 74 5 50 78 88 
42 30 92 66 19 19 60 24 70 74 64 49 64 7 25 88 5 11 29 58 89 0 27 45 16 39 13 5 53 79 
41 89 39 52 39 40 46 11 52 19 4 84 76 31 42 60 86 49 12 46 6 27 0 86 88 12 76 50 60 24 
8 26 19 97 3 6 32 94 74 68 90 68 95 74 2 57 20 63 27 30 50 45 86 0 35 35 33 16 60 43 
9 15 100 50 15 3 81 37 99 57 38 6 54 73 46 27 7 97 57 67 74 16 88 35 0 19 98 16 33 67 
67 45 100 6 9 74 71 94 18 32 43 92 56 2 38 43 47 38 34 30 74 39 12 35 19 0 25 11 1 33 
39 30 82 26 14 96 55 59 55 7 6 100 55 33 8 68 97 51 96 3 5 13 76 33 98 25 0 14 15 83 
13 46 85 9 5 21 99 90 3 31 61 71 46 10 61 89 70 79 100 47 50 5 50 16 16 11 14 0 100 34 
100 91 22 75 67 47 99 69 18 30 39 21 76 10 72 34 49 87 48 77 78 53 60 60 33 1 15 100 0 89 
3 1 54 78 95 69 68 81 22 71 71 54 10 40 28 1 19 63 18 70 88 79 24 43 67 33 83 34 89 0 
RBBBRRRBRRBRBBRRBRRRRBBRBBBBRB
