16
0 73 28 49 20 82 50 17 91 84 32 57 98 68 44 49 
73 0 79 19 3 45 94 33 0 1 43 20 78 74 80 82 
28 79 0 80 22 99 47 43 3 70 49 92 68 9 75 98 
49 19 80 0 17 98 88 37 88 77 17 34 67 52 75 83 
20 3 22 17 0 92 92 100 58 6 76 10 54 75 38 40 
82 45 99 98 92 0 27 54 91 39 85 43 92 1 95 12 
50 94 47 88 92 27 0 14 50 76 45 77 86 100 20 33 
17 33 43 37 100 54 14 0 57 16 84 82 68 29 29 26 
91 0 3 88 58 91 50 57 0 26 62 92 19 21 20 28 
84 1 70 77 6 39 76 16 26 0 85 15 14 14 97 44 
32 43 49 17 76 85 45 84 62 85 0 87 77 10 61 43 
57 20 92 34 10 43 77 82 92 15 87 0 96 69 57 73 
98 78 68 67 54 92 86 68 19 14 77 96 0 22 55 89 
68 74 9 52 75 1 100 29 21 14 10 69 22 0 8 13 
44 80 75 75 38 95 20 29 20 97 61 57 55 8 0 58 
49 82 98 83 40 12 33 26 28 44 43 73 89 13 58 0 
RBBBRRRBBBRRRBRB
