12
0 67 2 89 69 99 40 23 58 38 53 28 
67 0 85 1 76 51 68 77 22 64 86 56 
2 85 0 11 76 36 25 2 79 9 93 23 
89 1 11 0 4 54 1 8 41 55 64 46 
69 76 76 4 0 68 34 39 27 8 31 81 
99 51 36 54 68 0 85 18 16 70 58 35 
40 68 25 1 34 85 0 20 12 100 75 63 
23 77 2 8 39 18 20 0 60 60 33 30 
58 22 79 41 27 16 12 60 0 42 24 29 
38 64 9 55 8 70 100 60 42 0 52 18 
53 86 93 64 31 58 75 33 24 52 0 89 
28 56 23 46 81 35 63 30 29 18 89 0 
RRBRRBBRRBBB
