6
0 25 25 57 56 96 
25 0 42 75 64 12 
25 42 0 40 72 85 
57 75 40 0 22 52 
56 64 72 22 0 54 
96 12 85 52 54 0 
RBRBBR
