24
0 0 15 30 27 36 44 98 44 76 49 33 91 91 74 35 38 34 83 5 9 91 74 81 
0 0 85 69 63 3 52 14 58 90 35 39 66 44 26 2 96 57 96 53 78 14 84 79 
15 85 0 94 80 17 56 98 98 47 74 77 43 32 39 30 15 92 54 5 3 52 69 96 
30 69 94 0 90 80 76 34 27 94 38 83 47 98 49 44 14 43 41 56 56 60 15 94 
27 63 80 90 0 51 47 59 11 20 17 80 2 75 44 78 48 84 78 52 91 99 29 24 
36 3 17 80 51 0 53 9 13 29 43 11 58 75 12 88 81 79 53 40 80 95 97 61 
44 52 56 76 47 53 0 18 26 67 74 94 58 28 17 83 46 61 16 66 100 22 75 75 
98 14 98 34 59 9 18 0 62 60 86 16 89 26 10 91 53 95 69 38 34 35 9 88 
44 58 98 27 11 13 26 62 0 65 83 57 17 29 87 5 25 78 89 100 85 32 68 14 
76 90 47 94 20 29 67 60 65 0 18 61 81 74 0 65 7 10 13 5 62 24 97 26 
49 35 74 38 17 43 74 86 83 18 0 79 81 59 47 53 92 77 30 26 98 38 22 86 
33 39 77 83 80 11 94 16 57 61 79 0 64 31 94 69 0 11 52 6 21 10 78 98 
91 66 43 47 2 58 58 89 17 81 81 64 0 53 78 42 82 66 24 15 45 26 14 35 
91 44 32 98 75 75 28 26 29 74 59 31 53 0 60 81 44 19 34 35 9 45 59 40 
74 26 39 49 44 12 17 10 87 0 47 94 78 60 0 72 76 60 72 21 59 10 6 58 
35 2 30 44 78 88 83 91 5 65 53 69 42 81 72 0 86 29 78 29 12 84 13 49 
38 96 15 14 48 81 46 53 25 7 92 0 82 44 76 86 0 4 33 11 83 8 81 71 
34 57 92 43 84 79 61 95 78 10 77 11 66 19 60 29 4 0 55 18 55 57 91 66 
83 96 54 41 78 53 16 69 89 13 30 52 24 34 72 78 33 55 0 98 22 27 36 28 
5 53 5 56 52 40 66 38 100 5 26 6 15 35 21 29 11 18 98 0 67 42 22 97 
9 78 3 56 91 80 100 34 85 62 98 21 45 9 59 12 83 55 22 67 0 37 53 59 
91 14 52 60 99 95 22 35 32 24 38 10 26 45 10 84 8 57 27 42 37 0 32 20 
74 84 69 15 29 97 75 9 68 97 22 78 14 59 6 13 81 91 36 22 53 32 0 6 
81 79 96 94 24 61 75 88 14 26 86 98 35 40 58 49 71 66 28 97 59 20 6 0 
BRRRRRRBBRRRBBBBBRBRBRBB
