22
0 21 91 1 61 31 64 57 99 100 37 18 92 91 21 78 24 23 97 44 24 46 
21 0 76 26 23 57 57 50 90 20 65 38 26 98 71 9 64 50 54 48 72 50 
91 76 0 97 16 99 11 6 60 0 66 26 66 96 21 27 19 9 69 100 64 41 
1 26 97 0 10 66 64 88 64 28 77 23 29 69 43 15 44 38 54 94 67 60 
61 23 16 10 0 6 13 12 28 51 59 68 80 67 43 33 22 51 90 44 99 32 
31 57 99 66 6 0 29 100 100 6 30 15 69 64 2 1 67 27 9 29 62 60 
64 57 11 64 13 29 0 49 2 1 49 30 36 40 15 99 23 93 75 38 31 72 
57 50 6 88 12 100 49 0 89 23 69 11 85 60 87 63 85 61 69 32 39 74 
99 90 60 64 28 100 2 89 0 14 41 47 76 75 18 88 70 63 70 74 9 37 
100 20 0 28 51 6 1 23 14 0 39 48 12 40 0 7 16 57 61 58 70 4 
37 65 66 77 59 30 49 69 41 39 0 12 51 95 88 21 15 28 30 67 15 44 
18 38 26 23 68 15 30 11 47 48 12 0 62 29 3 34 67 81 58 0 1 96 
92 26 66 29 80 69 36 85 76 12 51 62 0 73 26 6 47 97 74 10 58 59 
91 98 96 69 67 64 40 60 75 40 95 29 73 0 68 66 79 88 23 84 74 77 
21 71 21 43 43 2 15 87 18 0 88 3 26 68 0 3 35 17 92 86 24 16 
78 9 27 15 33 1 99 63 88 7 21 34 6 66 3 0 5 6 80 58 98 51 
24 64 19 44 22 67 23 85 70 16 15 67 47 79 35 5 0 48 49 77 16 94 
23 50 9 38 51 27 93 61 63 57 28 81 97 88 17 6 48 0 72 58 96 68 
97 54 69 54 90 9 75 69 70 61 30 58 74 23 92 80 49 72 0 25 95 37 
44 48 100 94 44 29 38 32 74 58 67 0 10 84 86 58 77 58 25 0 32 25 
24 72 64 67 99 62 31 39 9 70 15 1 58 74 24 98 16 96 95 32 0 19 
46 50 41 60 32 60 72 74 37 4 44 96 59 77 16 51 94 68 37 25 19 0 
BRRRRRBBBBBBBBRBRRBRRR
