16
0 81 2 19 93 15 1 53 2 10 96 57 21 22 83 15 
81 0 26 49 11 8 15 4 65 76 19 49 19 86 90 57 
2 26 0 61 18 19 29 78 40 90 80 17 49 61 67 57 
19 49 61 0 57 80 94 72 59 93 12 77 27 71 93 22 
93 11 18 57 0 11 31 24 83 50 15 10 32 85 65 92 
15 8 19 80 11 0 43 83 0 52 89 4 58 9 35 35 
1 15 29 94 31 43 0 90 83 63 14 7 20 28 91 58 
53 4 78 72 24 83 90 0 46 65 98 18 86 49 70 62 
2 65 40 59 83 0 83 46 0 9 83 39 35 95 45 77 
10 76 90 93 50 52 63 65 9 0 9 38 87 65 60 83 
96 19 80 12 15 89 14 98 83 9 0 84 75 81 17 0 
57 49 17 77 10 4 7 18 39 38 84 0 54 17 34 65 
21 19 49 27 32 58 20 86 35 87 75 54 0 80 45 69 
22 86 61 71 85 9 28 49 95 65 81 17 80 0 27 4 
83 90 67 93 65 35 91 70 45 60 17 34 45 27 0 24 
15 57 57 22 92 35 58 62 77 83 0 65 69 4 24 0 
BBRRBBRRBRRBBRBR
