30
0 37 38 88 77 84 45 67 86 93 60 59 40 29 53 30 26 16 81 11 66 98 87 84 30 70 40 100 45 95 
37 0 58 5 0 11 16 64 92 30 44 34 94 26 22 64 13 23 48 20 88 72 37 51 43 79 41 24 6 95 
38 58 0 10 68 62 77 20 70 13 27 45 26 46 1 46 50 35 48 99 42 78 69 87 51 89 79 68 39 28 
88 5 10 0 94 95 9 36 35 98 38 42 89 30 88 86 48 85 42 71 39 23 18 88 5 91 32 18 91 57 
77 0 68 94 0 94 33 7 55 10 45 21 54 31 27 99 99 55 43 100 84 18 91 0 62 72 100 30 90 36 
84 11 62 95 94 0 69 44 84 6 13 77 84 53 14 99 100 38 22 30 86 6 15 96 51 23 34 67 77 3 
45 16 77 9 33 69 0 36 21 65 33 89 27 77 64 69 79 70 13 13 93 86 43 85 74 91 15 45 0 99 
67 64 20 36 7 44 36 0 45 33 15 55 63 7 5 100 89 72 82 73 69 70 74 31 23 73 25 91 6 99 
86 92 70 35 55 84 21 45 0 28 86 15 85 77 55 0 10 13 77 6 84 80 70 64 31 21 15 95 75 15 
93 30 13 98 10 6 65 33 28 0 100 3 78 17 96 24 7 32 33 86 54 27 60 89 0 33 64 33 59 77 
60 44 27 38 45 13 33 15 86 100 0 70 53 8 9 83 66 50 66 5 53 24 81 70 24 69 94 46 11 37 
59 34 45 42 21 77 89 55 15 3 70 0 78 84 38 85 58 79 78 0 22 24 97 3 62 65 99 32 23 33 
40 94 26 89 54 84 27 63 85 78 53 78 0 15 8 89 0 42 41 20 24 61 45 88 13 3 92 71 45 1 
29 26 46 30 31 53 77 7 77 17 8 84 15 0 60 95 54 49 72 27 23 24 56 85 73 37 59 4 37 26 
53 22 1 88 27 14 64 5 55 96 9 38 8 60 0 25 73 33 60 6 71 87 34 96 49 51 70 56 60 97 
30 64 46 86 99 99 69 100 0 24 83 85 89 95 25 0 43 37 18 81 43 16 39 81 48 100 57 83 75 11 
26 13 50 48 99 100 79 89 10 7 66 58 0 54 73 43 0 61 41 76 57 21 90 5 59 24 75 73 85 28 
16 23 35 85 55 38 70 72 13 32 50 79 42 49 33 37 61 0 62 26 95 35 42 89 16 84 92 82 69 4 
81 48 48 42 43 22 13 82 77 33 66 78 41 72 60 18 41 62 0 4 38 38 0 13 94 2 36 70 92 33 
11 20 99 71 100 30 13 73 6 86 5 0 20 27 6 81 76 26 4 0 42 38 69 95 58 73 35 70 62 44 
66 88 42 39 84 86 93 69 84 54 53 22 24 23 71 43 57 95 38 42 0 18 19 42 4 44 70 68 43 3 
98 72 78 23 18 6 86 70 80 27 24 24 61 24 87 16 21 35 38 38 18 0 64 91 13 16 14 48 18 65 
87 37 69 18 91 15 43 74 70 60 81 97 45 56 34 39 90 42 0 69 19 64 0 23 48 15 20 38 75 66 
84 51 87 88 0 96 85 31 64 89 70 3 88 85 96 81 5 89 13 95 42 91 23 0 75 28 50 16 64 56 
30 43 51 5 62 51 74 23 31 0 24 62 13 73 49 48 59 16 94 58 4 13 48 75 0 52 50 31 56 55 
70 79 89 91 72 23 91 73 21 33 69 65 3 37 51 100 24 84 2 73 44 16 15 28 52 0 73 93 34 51 
40 41 79 32 100 34 15 25 15 64 94 99 92 59 70 57 75 92 36 35 70 14 20 50 50 73 0 36 20 7 
100 24 68 18 30 67 45 91 95 33 46 32 71 4 56 83 73 82 70 70 68 48 38 16 31 93 36 0 25 61 
45 6 39 91 90 77 0 6 75 59 11 23 45 37 60 75 85 69 92 62 43 18 75 64 56 34 20 25 0 65 
95 95 28 57 36 3 99 99 15 77 37 33 1 26 97 11 28 4 33 44 3 65 66 56 55 51 7 61 65 0 
BRBRRBRRBRBBRRBBRRRBBRRBBRBRBB
