16
0 33 41 17 24 13 96 41 68 92 24 25 38 17 83 77 
33 0 68 41 64 70 97 81 66 62 63 14 30 53 93 64 
41 68 0 8 84 56 30 21 9 78 77 21 89 84 8 73 
17 41 8 0 96 6 32 95 34 38 81 45 4 28 93 19 
24 64 84 96 0 11 77 82 91 32 28 100 85 64 71 10 
13 70 56 6 11 0 76 81 71 79 0 54 2 77 66 31 
96 97 30 32 77 76 0 28 32 92 36 14 15 13 81 0 
41 81 21 95 82 81 28 0 55 79 79 75 49 88 22 68 
68 66 9 34 91 71 32 55 0 46 75 26 57 82 71 93 
92 62 78 38 32 79 92 79 46 0 85 14 89 13 78 94 
24 63 77 81 28 0 36 79 75 85 0 75 12 69 62 37 
25 14 21 45 100 54 14 75 26 14 75 0 88 16 21 56 
38 30 89 4 85 2 15 49 57 89 12 88 0 54 21 66 
17 53 84 28 64 77 13 88 82 13 69 16 54 0 68 47 
83 93 8 93 71 66 81 22 71 78 62 21 21 68 0 89 
77 64 73 19 10 31 0 68 93 94 37 56 66 47 89 0 
BRBBBRRBRBBRBRRR
