20
0 77 64 49 94 14 71 63 3 56 66 67 51 29 32 36 58 73 91 87 
77 0 75 31 78 39 34 82 66 22 58 24 62 61 89 22 67 57 97 6 
64 75 0 91 80 78 77 70 2 54 98 42 45 50 91 43 99 33 57 21 
49 31 91 0 63 75 73 53 36 11 42 49 7 98 68 88 74 92 21 86 
94 78 80 63 0 64 13 100 75 100 69 78 71 4 78 71 80 63 25 97 
14 39 78 75 64 0 95 61 16 96 56 91 69 58 69 60 0 53 16 87 
71 34 77 73 13 95 0 100 89 6 46 90 6 84 20 48 42 16 17 31 
63 82 70 53 100 61 100 0 76 73 93 63 7 3 96 83 40 23 39 24 
3 66 2 36 75 16 89 76 0 43 97 98 45 77 20 60 86 2 46 36 
56 22 54 11 100 96 6 73 43 0 78 92 37 67 60 41 55 86 98 0 
66 58 98 42 69 56 46 93 97 78 0 83 76 84 99 78 18 51 13 33 
67 24 42 49 78 91 90 63 98 92 83 0 32 72 40 89 16 38 21 56 
51 62 45 7 71 69 6 7 45 37 76 32 0 49 71 16 36 19 66 4 
29 61 50 98 4 58 84 3 77 67 84 72 49 0 19 8 75 43 53 20 
32 89 91 68 78 69 20 96 20 60 99 40 71 19 0 22 39 84 82 16 
36 22 43 88 71 60 48 83 60 41 78 89 16 8 22 0 44 5 99 78 
58 67 99 74 80 0 42 40 86 55 18 16 36 75 39 44 0 1 1 96 
73 57 33 92 63 53 16 23 2 86 51 38 19 43 84 5 1 0 43 33 
91 97 57 21 25 16 17 39 46 98 13 21 66 53 82 99 1 43 0 51 
87 6 21 86 97 87 31 24 36 0 33 56 4 20 16 78 96 33 51 0 
BBRRBBBRRBRBRRBBBRRR
