30
0 64 10 11 94 67 7 89 55 69 97 98 70 32 71 48 91 20 78 94 39 100 8 95 66 42 18 67 29 27 
64 0 33 42 15 10 86 67 67 16 30 37 64 61 92 23 36 86 65 5 28 62 55 93 83 76 97 96 76 60 
10 33 0 71 31 94 77 43 42 77 8 39 35 26 69 63 44 34 46 96 94 13 4 96 94 71 15 90 70 14 
11 42 71 0 91 50 20 100 81 89 16 13 34 40 96 1 88 46 60 90 56 67 89 48 49 88 54 62 65 72 
94 15 31 91 0 16 21 83 28 39 57 94 82 95 16 69 80 92 7 10 64 59 47 16 71 6 5 51 22 69 
67 10 94 50 16 0 17 75 22 84 28 45 54 83 34 91 60 76 81 45 23 72 53 96 44 91 19 59 8 44 
7 86 77 20 21 17 0 11 93 92 69 95 25 52 38 8 27 3 73 41 48 62 59 34 15 22 40 73 89 60 
89 67 43 100 83 75 11 0 17 9 72 7 26 19 78 98 63 14 36 33 5 37 74 50 19 86 55 27 84 46 
55 67 42 81 28 22 93 17 0 9 68 55 92 5 24 87 52 61 10 4 81 48 26 90 65 58 50 18 24 72 
69 16 77 89 39 84 92 9 9 0 57 72 66 27 48 41 83 6 11 12 24 42 83 83 86 74 83 62 55 22 
97 30 8 16 57 28 69 72 68 57 0 17 6 95 86 55 72 0 24 64 16 36 31 71 11 21 22 86 25 16 
98 37 39 13 94 45 95 7 55 72 17 0 61 98 83 97 100 10 69 45 83 69 86 23 78 97 85 77 66 44 
70 64 35 34 82 54 25 26 92 66 6 61 0 89 14 70 22 16 10 24 59 100 58 18 98 0 11 78 54 92 
32 61 26 40 95 83 52 19 5 27 95 98 89 0 12 91 4 10 72 84 71 98 32 60 53 30 90 58 8 84 
71 92 69 96 16 34 38 78 24 48 86 83 14 12 0 15 88 65 69 91 25 72 40 83 92 25 43 86 37 24 
48 23 63 1 69 91 8 98 87 41 55 97 70 91 15 0 47 47 44 19 93 43 100 37 70 0 2 61 39 37 
91 36 44 88 80 60 27 63 52 83 72 100 22 4 88 47 0 27 12 11 36 40 1 67 34 17 1 25 8 24 
20 86 34 46 92 76 3 14 61 6 0 10 16 10 65 47 27 0 33 31 13 32 14 37 95 12 23 36 21 5 
78 65 46 60 7 81 73 36 10 11 24 69 10 72 69 44 12 33 0 11 70 81 92 43 41 57 79 95 78 74 
94 5 96 90 10 45 41 33 4 12 64 45 24 84 91 19 11 31 11 0 5 49 84 88 84 15 11 74 50 79 
39 28 94 56 64 23 48 5 81 24 16 83 59 71 25 93 36 13 70 5 0 57 14 10 56 55 43 34 45 87 
100 62 13 67 59 72 62 37 48 42 36 69 100 98 72 43 40 32 81 49 57 0 99 85 88 96 9 0 33 95 
8 55 4 89 47 53 59 74 26 83 31 86 58 32 40 100 1 14 92 84 14 99 0 67 69 15 55 17 81 77 
95 93 96 48 16 96 34 50 90 83 71 23 18 60 83 37 67 37 43 88 10 85 67 0 48 25 93 93 51 93 
66 83 94 49 71 44 15 19 65 86 11 78 98 53 92 70 34 95 41 84 56 88 69 48 0 16 77 83 37 86 
42 76 71 88 6 91 22 86 58 74 21 97 0 30 25 0 17 12 57 15 55 96 15 25 16 0 84 60 24 33 
18 97 15 54 5 19 40 55 50 83 22 85 11 90 43 2 1 23 79 11 43 9 55 93 77 84 0 90 87 69 
67 96 90 62 51 59 73 27 18 62 86 77 78 58 86 61 25 36 95 74 34 0 17 93 83 60 90 0 53 68 
29 76 70 65 22 8 89 84 24 55 25 66 54 8 37 39 8 21 78 50 45 33 81 51 37 24 87 53 0 84 
27 60 14 72 69 44 60 46 72 22 16 44 92 84 24 37 24 5 74 79 87 95 77 93 86 33 69 68 84 0 
BRRBRRBBRBBBRBBRBBRRBBRBRBRRRR
