20
0 44 70 97 94 8 17 14 90 58 53 28 93 78 51 49 66 67 43 38 
44 0 5 80 47 97 22 54 20 12 31 35 2 40 71 26 100 5 70 87 
70 5 0 56 80 85 30 42 34 38 7 20 82 2 71 49 33 40 21 77 
97 80 56 0 42 68 87 68 98 58 65 1 87 90 100 29 26 99 14 26 
94 47 80 42 0 88 17 99 83 88 87 23 33 8 95 18 83 10 46 64 
8 97 85 68 88 0 74 0 17 38 88 82 65 76 90 16 65 47 77 90 
17 22 30 87 17 74 0 90 12 37 51 8 73 0 52 43 78 28 44 44 
14 54 42 68 99 0 90 0 23 61 11 40 88 81 7 17 24 83 84 18 
90 20 34 98 83 17 12 23 0 41 79 41 81 63 22 38 29 64 25 66 
58 12 38 58 88 38 37 61 41 0 89 16 68 47 62 87 10 30 31 64 
53 31 7 65 87 88 51 11 79 89 0 4 24 42 6 76 91 47 97 37 
28 35 20 1 23 82 8 40 41 16 4 0 42 59 76 83 32 11 50 47 
93 2 82 87 33 65 73 88 81 68 24 42 0 36 75 70 21 37 58 34 
78 40 2 90 8 76 0 81 63 47 42 59 36 0 9 46 20 54 65 48 
51 71 71 100 95 90 52 7 22 62 6 76 75 9 0 48 69 4 82 13 
49 26 49 29 18 16 43 17 38 87 76 83 70 46 48 0 75 46 21 47 
66 100 33 26 83 65 78 24 29 10 91 32 21 20 69 75 0 46 66 5 
67 5 40 99 10 47 28 83 64 30 47 11 37 54 4 46 46 0 81 7 
43 70 21 14 46 77 44 84 25 31 97 50 58 65 82 21 66 81 0 6 
38 87 77 26 64 90 44 18 66 64 37 47 34 48 13 47 5 7 6 0 
RBBBBBBRRRRBBRRRRRBB
