30
0 52 33 63 91 55 94 85 36 85 73 22 97 85 37 46 99 98 85 17 64 76 45 19 17 50 94 26 45 22 
52 0 62 27 25 11 31 45 13 27 38 88 83 36 39 29 24 90 80 45 43 52 77 63 57 67 16 6 45 19 
33 62 0 24 26 19 74 98 4 4 57 88 80 14 55 75 46 14 1 6 26 24 66 75 70 57 98 56 89 84 
63 27 24 0 61 64 44 9 11 2 37 21 71 61 63 49 96 76 46 77 46 73 56 51 76 13 47 63 9 21 
91 25 26 61 0 100 46 36 67 61 42 14 44 83 71 3 59 91 69 89 20 22 82 52 44 54 4 0 95 56 
55 11 19 64 100 0 27 17 50 77 97 25 91 17 35 48 96 77 66 89 70 44 46 12 73 44 16 38 3 70 
94 31 74 44 46 27 0 35 7 86 46 15 38 26 87 87 10 19 28 83 84 97 66 22 22 37 96 26 20 2 
85 45 98 9 36 17 35 0 17 24 38 42 14 70 4 14 97 73 96 96 91 35 0 11 41 83 97 75 49 61 
36 13 4 11 67 50 7 17 0 10 70 49 40 65 73 73 78 88 44 70 14 32 67 47 65 82 18 35 79 46 
85 27 4 2 61 77 86 24 10 0 29 5 49 18 14 20 47 31 29 32 93 56 72 45 85 73 46 62 55 92 
73 38 57 37 42 97 46 38 70 29 0 39 78 22 4 54 83 47 97 99 82 9 92 32 87 7 64 67 87 24 
22 88 88 21 14 25 15 42 49 5 39 0 9 53 37 93 47 91 95 17 86 88 49 64 26 48 98 80 55 74 
97 83 80 71 44 91 38 14 40 49 78 9 0 30 27 94 89 5 88 52 58 85 6 5 77 26 19 12 16 59 
85 36 14 61 83 17 26 70 65 18 22 53 30 0 31 16 16 97 47 18 21 27 83 3 81 61 98 64 62 11 
37 39 55 63 71 35 87 4 73 14 4 37 27 31 0 90 22 75 72 56 31 93 58 51 19 54 35 89 32 99 
46 29 75 49 3 48 87 14 73 20 54 93 94 16 90 0 7 1 4 92 95 79 87 59 15 58 85 99 37 93 
99 24 46 96 59 96 10 97 78 47 83 47 89 16 22 7 0 87 64 44 54 80 11 78 53 33 8 34 47 75 
98 90 14 76 91 77 19 73 88 31 47 91 5 97 75 1 87 0 89 12 79 78 96 2 42 6 48 15 21 7 
85 80 1 46 69 66 28 96 44 29 97 95 88 47 72 4 64 89 0 70 24 15 16 10 87 5 79 69 75 56 
17 45 6 77 89 89 83 96 70 32 99 17 52 18 56 92 44 12 70 0 6 26 35 32 27 6 44 15 92 47 
64 43 26 46 20 70 84 91 14 93 82 86 58 21 31 95 54 79 24 6 0 60 12 12 51 69 65 20 85 14 
76 52 24 73 22 44 97 35 32 56 9 88 85 27 93 79 80 78 15 26 60 0 9 56 24 81 42 64 19 24 
45 77 66 56 82 46 66 0 67 72 92 49 6 83 58 87 11 96 16 35 12 9 0 59 10 53 22 39 80 70 
19 63 75 51 52 12 22 11 47 45 32 64 5 3 51 59 78 2 10 32 12 56 59 0 100 77 81 40 55 89 
17 57 70 76 44 73 22 41 65 85 87 26 77 81 19 15 53 42 87 27 51 24 10 100 0 77 41 68 96 20 
50 67 57 13 54 44 37 83 82 73 7 48 26 61 54 58 33 6 5 6 69 81 53 77 77 0 15 95 42 39 
94 16 98 47 4 16 96 97 18 46 64 98 19 98 35 85 8 48 79 44 65 42 22 81 41 15 0 10 4 49 
26 6 56 63 0 38 26 75 35 62 67 80 12 64 89 99 34 15 69 15 20 64 39 40 68 95 10 0 99 41 
45 45 89 9 95 3 20 49 79 55 87 55 16 62 32 37 47 21 75 92 85 19 80 55 96 42 4 99 0 67 
22 19 84 21 56 70 2 61 46 92 24 74 59 11 99 93 75 7 56 47 14 24 70 89 20 39 49 41 67 0 
RBRRRRBRBBBRBBBRBRRBBRRBRBRBBR
