24
0 26 31 36 96 54 49 54 89 58 24 1 62 46 61 49 42 14 7 51 6 4 37 28 
26 0 49 94 27 46 83 12 98 29 16 27 25 49 33 49 57 81 42 3 42 79 24 55 
31 49 0 20 41 7 54 48 44 74 39 46 10 78 45 74 59 93 11 97 14 16 74 76 
36 94 20 0 81 55 94 7 16 3 44 87 65 75 29 50 83 75 61 2 59 95 9 41 
96 27 41 81 0 39 68 82 93 32 66 43 82 92 90 24 21 88 84 54 96 34 50 36 
54 46 7 55 39 0 69 4 9 6 0 16 20 49 45 94 79 84 17 11 22 21 1 54 
49 83 54 94 68 69 0 38 94 88 27 41 87 77 31 57 71 27 70 34 92 72 80 46 
54 12 48 7 82 4 38 0 21 32 60 98 9 32 67 96 78 15 64 74 86 47 32 56 
89 98 44 16 93 9 94 21 0 84 77 67 92 90 2 61 86 62 83 60 77 79 55 2 
58 29 74 3 32 6 88 32 84 0 95 18 6 11 71 90 16 62 83 92 75 65 93 15 
24 16 39 44 66 0 27 60 77 95 0 38 21 4 77 13 47 21 31 9 63 9 11 76 
1 27 46 87 43 16 41 98 67 18 38 0 14 52 8 65 6 45 26 1 38 14 55 36 
62 25 10 65 82 20 87 9 92 6 21 14 0 17 92 27 58 67 75 57 26 57 37 66 
46 49 78 75 92 49 77 32 90 11 4 52 17 0 58 0 3 8 79 87 13 19 92 75 
61 33 45 29 90 45 31 67 2 71 77 8 92 58 0 100 37 7 9 21 23 27 0 14 
49 49 74 50 24 94 57 96 61 90 13 65 27 0 100 0 91 74 83 32 76 72 16 94 
42 57 59 83 21 79 71 78 86 16 47 6 58 3 37 91 0 74 98 65 73 20 30 20 
14 81 93 75 88 84 27 15 62 62 21 45 67 8 7 74 74 0 53 43 15 25 25 68 
7 42 11 61 84 17 70 64 83 83 31 26 75 79 9 83 98 53 0 81 96 20 79 58 
51 3 97 2 54 11 34 74 60 92 9 1 57 87 21 32 65 43 81 0 12 99 33 55 
6 42 14 59 96 22 92 86 77 75 63 38 26 13 23 76 73 15 96 12 0 19 27 45 
4 79 16 95 34 21 72 47 79 65 9 14 57 19 27 72 20 25 20 99 19 0 36 47 
37 24 74 9 50 1 80 32 55 93 11 55 37 92 0 16 30 25 79 33 27 36 0 36 
28 55 76 41 36 54 46 56 2 15 76 36 66 75 14 94 20 68 58 55 45 47 36 0 
BBBBBRRBRRBBRBRRRRRRBRBB
