22
0 87 55 44 59 48 36 66 7 48 80 53 94 39 73 66 42 26 50 13 15 5 
87 0 67 10 36 12 52 79 69 88 40 62 100 14 87 27 5 92 66 6 59 79 
55 67 0 10 49 34 24 3 0 87 95 93 40 5 99 21 59 24 81 36 78 16 
44 10 10 0 58 68 15 15 35 87 57 70 84 11 70 28 97 96 60 2 96 17 
59 36 49 58 0 9 38 15 82 87 25 70 0 82 64 79 65 95 74 93 25 91 
48 12 34 68 9 0 74 78 12 66 98 74 1 28 55 2 45 58 16 99 58 46 
36 52 24 15 38 74 0 98 1 10 24 42 81 72 45 18 46 54 72 30 15 11 
66 79 3 15 15 78 98 0 43 9 99 0 99 4 63 11 25 10 66 63 51 63 
7 69 0 35 82 12 1 43 0 62 60 82 83 31 28 12 4 39 88 42 13 38 
48 88 87 87 87 66 10 9 62 0 38 30 68 39 59 83 33 84 69 58 84 84 
80 40 95 57 25 98 24 99 60 38 0 17 5 13 84 74 50 22 81 25 40 83 
53 62 93 70 70 74 42 0 82 30 17 0 71 44 31 84 44 87 95 45 15 89 
94 100 40 84 0 1 81 99 83 68 5 71 0 88 71 45 3 84 84 43 74 56 
39 14 5 11 82 28 72 4 31 39 13 44 88 0 74 31 59 10 47 36 60 17 
73 87 99 70 64 55 45 63 28 59 84 31 71 74 0 25 28 82 57 37 99 45 
66 27 21 28 79 2 18 11 12 83 74 84 45 31 25 0 46 76 85 86 28 91 
42 5 59 97 65 45 46 25 4 33 50 44 3 59 28 46 0 90 80 11 94 93 
26 92 24 96 95 58 54 10 39 84 22 87 84 10 82 76 90 0 98 20 75 47 
50 66 81 60 74 16 72 66 88 69 81 95 84 47 57 85 80 98 0 5 79 82 
13 6 36 2 93 99 30 63 42 58 25 45 43 36 37 86 11 20 5 0 65 60 
15 59 78 96 25 58 15 51 13 84 40 15 74 60 99 28 94 75 79 65 0 61 
5 79 16 17 91 46 11 63 38 84 83 89 56 17 45 91 93 47 82 60 61 0 
BBRBBRRRRBRBBBBRRBRBRR
