20
0 73 97 44 11 67 78 36 25 93 95 46 38 17 83 91 91 3 10 95 
73 0 10 12 28 25 11 97 95 61 31 57 67 82 29 98 33 38 44 16 
97 10 0 67 8 82 3 9 87 92 22 56 80 44 35 48 75 14 50 70 
44 12 67 0 48 74 17 98 90 59 13 81 92 99 35 25 100 0 27 20 
11 28 8 48 0 93 95 1 68 68 34 65 71 90 72 81 39 24 92 39 
67 25 82 74 93 0 100 42 67 83 80 27 28 16 17 37 95 20 75 2 
78 11 3 17 95 100 0 56 21 85 31 58 27 43 63 65 84 64 17 8 
36 97 9 98 1 42 56 0 76 25 81 62 78 36 16 19 94 25 42 2 
25 95 87 90 68 67 21 76 0 47 82 95 99 48 58 12 80 27 19 94 
93 61 92 59 68 83 85 25 47 0 41 84 36 97 52 32 2 61 64 92 
95 31 22 13 34 80 31 81 82 41 0 63 27 47 65 10 72 94 86 53 
46 57 56 81 65 27 58 62 95 84 63 0 49 3 62 59 92 52 3 24 
38 67 80 92 71 28 27 78 99 36 27 49 0 50 96 11 42 47 95 57 
17 82 44 99 90 16 43 36 48 97 47 3 50 0 31 37 80 4 21 72 
83 29 35 35 72 17 63 16 58 52 65 62 96 31 0 63 99 61 96 25 
91 98 48 25 81 37 65 19 12 32 10 59 11 37 63 0 18 48 57 71 
91 33 75 100 39 95 84 94 80 2 72 92 42 80 99 18 0 77 66 82 
3 38 14 0 24 20 64 25 27 61 94 52 47 4 61 48 77 0 40 4 
10 44 50 27 92 75 17 42 19 64 86 3 95 21 96 57 66 40 0 23 
95 16 70 20 39 2 8 2 94 92 53 24 57 72 25 71 82 4 23 0 
RBRBBBBRBRRRRBBBRRBR
