6
0 31 90 48 41 3 
31 0 74 31 39 65 
90 74 0 97 26 10 
48 31 97 0 27 86 
41 39 26 27 0 29 
3 65 10 86 29 0 
BBRRBR
