30
0 66 60 76 30 2 59 37 75 65 4 42 58 31 58 45 93 24 21 32 92 7 84 73 20 49 98 94 79 5 
66 0 78 65 47 61 91 51 35 73 1 50 63 6 46 4 86 75 60 25 99 19 24 39 32 40 73 100 92 32 
60 78 0 31 94 55 98 14 55 59 19 99 96 81 90 95 54 6 4 14 77 48 26 63 42 24 77 7 37 18 
76 65 31 0 81 63 12 63 52 30 50 88 43 65 89 31 77 18 63 16 55 53 64 83 46 100 72 32 72 3 
30 47 94 81 0 61 29 84 13 94 70 82 45 10 82 25 77 68 94 84 10 92 67 89 55 79 98 1 76 17 
2 61 55 63 61 0 97 9 18 46 93 39 46 7 38 97 29 66 96 17 24 20 78 6 97 90 13 75 32 70 
59 91 98 12 29 97 0 29 31 18 83 29 86 75 2 4 5 12 98 35 1 93 12 69 74 55 5 96 85 18 
37 51 14 63 84 9 29 0 47 3 65 53 34 61 83 36 12 17 11 29 64 61 52 82 86 68 52 1 27 6 
75 35 55 52 13 18 31 47 0 21 18 15 63 45 0 62 28 55 11 16 42 19 68 76 31 98 4 88 97 54 
65 73 59 30 94 46 18 3 21 0 33 10 15 69 32 27 61 64 100 72 81 1 90 79 21 33 11 8 91 41 
4 1 19 50 70 93 83 65 18 33 0 21 94 39 95 62 61 82 84 19 0 23 90 35 9 31 14 66 69 40 
42 50 99 88 82 39 29 53 15 10 21 0 37 93 61 91 97 39 77 23 74 90 66 45 24 75 83 68 71 51 
58 63 96 43 45 46 86 34 63 15 94 37 0 75 63 45 76 13 10 78 76 80 26 93 32 70 46 72 46 61 
31 6 81 65 10 7 75 61 45 69 39 93 75 0 69 25 29 95 49 10 12 63 80 99 52 29 43 58 76 97 
58 46 90 89 82 38 2 83 0 32 95 61 63 69 0 52 61 17 94 22 87 65 53 59 22 30 24 88 7 98 
45 4 95 31 25 97 4 36 62 27 62 91 45 25 52 0 15 78 91 81 3 0 15 78 42 82 80 55 24 83 
93 86 54 77 77 29 5 12 28 61 61 97 76 29 61 15 0 67 23 1 17 25 30 40 45 91 89 52 90 51 
24 75 6 18 68 66 12 17 55 64 82 39 13 95 17 78 67 0 19 36 63 57 60 65 7 76 18 90 71 58 
21 60 4 63 94 96 98 11 11 100 84 77 10 49 94 91 23 19 0 66 52 47 90 21 50 64 46 75 98 21 
32 25 14 16 84 17 35 29 16 72 19 23 78 10 22 81 1 36 66 0 60 15 96 42 89 17 57 59 20 37 
92 99 77 55 10 24 1 64 42 81 0 74 76 12 87 3 17 63 52 60 0 19 26 71 33 1 72 46 23 95 
7 19 48 53 92 20 93 61 19 1 23 90 80 63 65 0 25 57 47 15 19 0 5 53 33 21 99 54 91 8 
84 24 26 64 67 78 12 52 68 90 90 66 26 80 53 15 30 60 90 96 26 5 0 29 43 73 27 56 53 79 
73 39 63 83 89 6 69 82 76 79 35 45 93 99 59 78 40 65 21 42 71 53 29 0 66 24 89 38 52 79 
20 32 42 46 55 97 74 86 31 21 9 24 32 52 22 42 45 7 50 89 33 33 43 66 0 8 7 12 23 21 
49 40 24 100 79 90 55 68 98 33 31 75 70 29 30 82 91 76 64 17 1 21 73 24 8 0 20 1 23 57 
98 73 77 72 98 13 5 52 4 11 14 83 46 43 24 80 89 18 46 57 72 99 27 89 7 20 0 17 94 42 
94 100 7 32 1 75 96 1 88 8 66 68 72 58 88 55 52 90 75 59 46 54 56 38 12 1 17 0 94 2 
79 92 37 72 76 32 85 27 97 91 69 71 46 76 7 24 90 71 98 20 23 91 53 52 23 23 94 94 0 13 
5 32 18 3 17 70 18 6 54 41 40 51 61 97 98 83 51 58 21 37 95 8 79 79 21 57 42 2 13 0 
RBRBBRBRRBRBRBRBRBBBRRRBRRBBRB
