18
0 58 65 91 87 41 26 85 4 71 84 12 86 72 56 43 96 72 
58 0 78 4 100 95 10 12 33 76 43 13 75 16 60 6 74 56 
65 78 0 30 8 10 76 84 60 65 0 17 40 84 25 3 88 13 
91 4 30 0 40 3 33 8 55 55 60 40 46 35 55 84 63 26 
87 100 8 40 0 28 40 62 9 57 34 77 27 26 39 5 23 94 
41 95 10 3 28 0 15 68 55 80 34 23 92 83 10 93 65 85 
26 10 76 33 40 15 0 12 67 51 72 83 87 38 33 78 40 60 
85 12 84 8 62 68 12 0 60 39 94 95 37 26 56 21 63 41 
4 33 60 55 9 55 67 60 0 76 17 6 19 51 87 89 2 64 
71 76 65 55 57 80 51 39 76 0 34 69 98 0 63 17 85 7 
84 43 0 60 34 34 72 94 17 34 0 4 70 64 2 1 85 83 
12 13 17 40 77 23 83 95 6 69 4 0 90 99 0 48 91 21 
86 75 40 46 27 92 87 37 19 98 70 90 0 67 1 97 61 56 
72 16 84 35 26 83 38 26 51 0 64 99 67 0 65 23 52 94 
56 60 25 55 39 10 33 56 87 63 2 0 1 65 0 87 14 46 
43 6 3 84 5 93 78 21 89 17 1 48 97 23 87 0 81 75 
96 74 88 63 23 65 40 63 2 85 85 91 61 52 14 81 0 8 
72 56 13 26 94 85 60 41 64 7 83 21 56 94 46 75 8 0 
RBBRBBRRRBRBRRBBBR
