28
0 12 11 100 73 75 30 100 68 56 74 76 98 89 34 72 88 87 57 90 69 90 81 92 39 9 19 82 
12 0 42 89 32 78 98 58 63 93 31 97 63 33 52 95 56 15 17 29 41 90 94 10 23 30 78 19 
11 42 0 68 72 90 95 32 51 11 45 35 8 29 40 79 26 71 91 13 17 46 35 30 95 9 51 5 
100 89 68 0 21 89 38 30 47 48 36 3 53 59 98 42 69 88 52 41 43 3 26 98 77 67 11 91 
73 32 72 21 0 62 50 22 80 1 69 79 74 72 50 24 52 38 91 61 61 86 65 97 93 75 98 91 
75 78 90 89 62 0 48 24 63 70 76 41 31 79 23 47 52 39 12 83 80 11 25 17 77 22 91 23 
30 98 95 38 50 48 0 72 75 53 56 56 16 39 81 31 38 33 65 62 88 30 85 25 18 49 5 31 
100 58 32 30 22 24 72 0 84 59 86 70 7 42 45 43 74 49 20 44 53 18 31 5 47 0 68 25 
68 63 51 47 80 63 75 84 0 92 96 9 67 41 5 55 76 15 9 93 34 88 41 40 55 15 8 21 
56 93 11 48 1 70 53 59 92 0 70 88 26 6 11 71 37 97 11 24 96 91 40 95 43 64 30 34 
74 31 45 36 69 76 56 86 96 70 0 80 85 61 45 8 59 40 8 45 26 89 32 23 14 14 42 21 
76 97 35 3 79 41 56 70 9 88 80 0 29 57 68 86 45 5 10 92 63 9 9 22 97 15 6 9 
98 63 8 53 74 31 16 7 67 26 85 29 0 77 43 55 86 33 15 55 53 74 10 99 93 52 10 44 
89 33 29 59 72 79 39 42 41 6 61 57 77 0 60 16 42 65 8 10 3 6 100 50 66 32 31 62 
34 52 40 98 50 23 81 45 5 11 45 68 43 60 0 18 23 58 58 8 41 8 57 42 69 57 23 41 
72 95 79 42 24 47 31 43 55 71 8 86 55 16 18 0 41 94 67 93 40 91 45 69 63 100 45 63 
88 56 26 69 52 52 38 74 76 37 59 45 86 42 23 41 0 39 44 25 64 62 52 76 54 28 1 71 
87 15 71 88 38 39 33 49 15 97 40 5 33 65 58 94 39 0 70 39 56 4 89 20 67 11 43 68 
57 17 91 52 91 12 65 20 9 11 8 10 15 8 58 67 44 70 0 83 48 68 30 36 98 67 15 4 
90 29 13 41 61 83 62 44 93 24 45 92 55 10 8 93 25 39 83 0 96 59 81 2 94 27 25 79 
69 41 17 43 61 80 88 53 34 96 26 63 53 3 41 40 64 56 48 96 0 94 15 83 52 31 43 32 
90 90 46 3 86 11 30 18 88 91 89 9 74 6 8 91 62 4 68 59 94 0 11 52 75 27 43 53 
81 94 35 26 65 25 85 31 41 40 32 9 10 100 57 45 52 89 30 81 15 11 0 80 60 72 13 80 
92 10 30 98 97 17 25 5 40 95 23 22 99 50 42 69 76 20 36 2 83 52 80 0 31 68 91 15 
39 23 95 77 93 77 18 47 55 43 14 97 93 66 69 63 54 67 98 94 52 75 60 31 0 67 36 4 
9 30 9 67 75 22 49 0 15 64 14 15 52 32 57 100 28 11 67 27 31 27 72 68 67 0 18 32 
19 78 51 11 98 91 5 68 8 30 42 6 10 31 23 45 1 43 15 25 43 43 13 91 36 18 0 28 
82 19 5 91 91 23 31 25 21 34 21 9 44 62 41 63 71 68 4 79 32 53 80 15 4 32 28 0 
RRRRBRBBRBBBBBBRRBBBRRRBRBRR
