22
0 74 57 8 1 78 22 12 81 84 78 59 45 82 56 30 44 34 3 16 90 85 
74 0 89 16 59 39 18 71 38 88 26 56 5 50 16 20 4 25 58 26 42 72 
57 89 0 31 6 82 29 100 11 62 13 92 74 70 35 14 70 62 81 32 49 29 
8 16 31 0 37 27 15 20 80 47 5 51 13 32 21 17 40 11 11 61 89 30 
1 59 6 37 0 58 43 9 29 3 78 82 59 91 15 60 69 9 78 31 12 91 
78 39 82 27 58 0 49 2 43 90 73 87 97 72 35 15 58 69 20 17 24 46 
22 18 29 15 43 49 0 14 93 48 72 25 48 14 37 31 72 31 36 21 73 36 
12 71 100 20 9 2 14 0 98 4 45 16 23 12 15 20 60 34 36 20 48 76 
81 38 11 80 29 43 93 98 0 61 43 54 100 100 57 52 19 99 22 74 12 94 
84 88 62 47 3 90 48 4 61 0 26 46 51 98 17 68 34 15 87 12 96 24 
78 26 13 5 78 73 72 45 43 26 0 33 75 51 4 5 25 9 61 83 16 94 
59 56 92 51 82 87 25 16 54 46 33 0 96 37 64 83 85 63 100 100 88 19 
45 5 74 13 59 97 48 23 100 51 75 96 0 57 63 5 92 32 70 75 66 37 
82 50 70 32 91 72 14 12 100 98 51 37 57 0 34 82 64 94 7 28 59 38 
56 16 35 21 15 35 37 15 57 17 4 64 63 34 0 61 96 29 62 41 84 24 
30 20 14 17 60 15 31 20 52 68 5 83 5 82 61 0 98 80 43 19 42 68 
44 4 70 40 69 58 72 60 19 34 25 85 92 64 96 98 0 78 88 95 42 48 
34 25 62 11 9 69 31 34 99 15 9 63 32 94 29 80 78 0 59 53 66 10 
3 58 81 11 78 20 36 36 22 87 61 100 70 7 62 43 88 59 0 2 76 20 
16 26 32 61 31 17 21 20 74 12 83 100 75 28 41 19 95 53 2 0 13 69 
90 42 49 89 12 24 73 48 12 96 16 88 66 59 84 42 42 66 76 13 0 76 
85 72 29 30 91 46 36 76 94 24 94 19 37 38 24 68 48 10 20 69 76 0 
BRRBBBBRBRBRBRRRBBRRBR
