18
0 60 88 25 64 13 9 11 51 99 27 16 38 94 90 29 60 81 
60 0 83 4 26 30 34 16 25 22 46 34 89 86 50 61 94 57 
88 83 0 38 29 85 51 88 86 35 58 96 89 78 46 54 23 72 
25 4 38 0 41 17 10 7 10 50 55 44 79 88 90 45 25 79 
64 26 29 41 0 84 41 77 20 6 45 11 27 56 5 63 23 16 
13 30 85 17 84 0 24 80 23 85 82 57 33 81 46 70 7 58 
9 34 51 10 41 24 0 34 42 0 44 75 24 30 10 14 30 30 
11 16 88 7 77 80 34 0 24 13 42 57 88 15 60 10 61 49 
51 25 86 10 20 23 42 24 0 46 34 88 29 91 6 89 42 3 
99 22 35 50 6 85 0 13 46 0 45 58 28 51 45 40 34 47 
27 46 58 55 45 82 44 42 34 45 0 73 10 72 10 50 2 46 
16 34 96 44 11 57 75 57 88 58 73 0 87 21 12 79 15 86 
38 89 89 79 27 33 24 88 29 28 10 87 0 52 74 10 69 80 
94 86 78 88 56 81 30 15 91 51 72 21 52 0 71 99 78 28 
90 50 46 90 5 46 10 60 6 45 10 12 74 71 0 2 98 43 
29 61 54 45 63 70 14 10 89 40 50 79 10 99 2 0 17 89 
60 94 23 25 23 7 30 61 42 34 2 15 69 78 98 17 0 80 
81 57 72 79 16 58 30 49 3 47 46 86 80 28 43 89 80 0 
BRBRBRBRBBBBRBRRRR
