22
0 42 20 46 79 13 79 82 46 47 70 23 97 10 7 63 61 98 35 58 69 41 
42 0 23 44 81 66 52 92 62 48 53 72 61 7 67 78 33 48 69 81 65 9 
20 23 0 87 76 94 67 74 0 16 3 83 23 18 1 72 69 17 99 50 69 61 
46 44 87 0 15 19 10 46 22 43 40 81 46 0 76 99 84 24 35 1 75 77 
79 81 76 15 0 39 93 25 60 16 80 32 85 76 86 29 31 82 56 68 41 78 
13 66 94 19 39 0 57 5 30 73 54 28 2 100 78 41 18 37 99 73 38 42 
79 52 67 10 93 57 0 52 68 1 76 7 79 41 34 75 87 53 10 41 14 28 
82 92 74 46 25 5 52 0 49 47 12 34 8 23 12 44 37 20 67 0 21 56 
46 62 0 22 60 30 68 49 0 38 0 4 15 79 67 29 33 10 51 60 39 45 
47 48 16 43 16 73 1 47 38 0 11 7 69 62 16 38 32 56 82 76 19 11 
70 53 3 40 80 54 76 12 0 11 0 25 70 34 24 97 58 45 89 47 22 69 
23 72 83 81 32 28 7 34 4 7 25 0 91 0 94 35 80 70 66 30 33 38 
97 61 23 46 85 2 79 8 15 69 70 91 0 32 15 95 20 32 47 44 15 61 
10 7 18 0 76 100 41 23 79 62 34 0 32 0 29 43 27 49 24 36 45 1 
7 67 1 76 86 78 34 12 67 16 24 94 15 29 0 77 1 81 87 66 63 36 
63 78 72 99 29 41 75 44 29 38 97 35 95 43 77 0 87 90 17 89 18 89 
61 33 69 84 31 18 87 37 33 32 58 80 20 27 1 87 0 9 65 48 39 14 
98 48 17 24 82 37 53 20 10 56 45 70 32 49 81 90 9 0 35 79 18 51 
35 69 99 35 56 99 10 67 51 82 89 66 47 24 87 17 65 35 0 13 61 20 
58 81 50 1 68 73 41 0 60 76 47 30 44 36 66 89 48 79 13 0 11 6 
69 65 69 75 41 38 14 21 39 19 22 33 15 45 63 18 39 18 61 11 0 100 
41 9 61 77 78 42 28 56 45 11 69 38 61 1 36 89 14 51 20 6 100 0 
BBRBRBRBRRBRBRRRBRBBRB
