12
0 32 45 33 46 76 23 43 60 37 27 92 
32 0 76 33 59 91 67 88 31 93 70 56 
45 76 0 63 76 11 25 99 31 71 8 56 
33 33 63 0 3 25 88 28 92 7 34 16 
46 59 76 3 0 0 64 11 52 31 29 11 
76 91 11 25 0 0 23 64 97 12 4 13 
23 67 25 88 64 23 0 39 73 64 43 74 
43 88 99 28 11 64 39 0 49 68 96 38 
60 31 31 92 52 97 73 49 0 11 52 30 
37 93 71 7 31 12 64 68 11 0 60 36 
27 70 8 34 29 4 43 96 52 60 0 48 
92 56 56 16 11 13 74 38 30 36 48 0 
BBRBBRRRRBRB
