6
0 63 36 56 50 74 
63 0 89 93 68 71 
36 89 0 41 53 69 
56 93 41 0 33 36 
50 68 53 33 0 44 
74 71 69 36 44 0 
RBRBBR
