32
0 83 5 79 36 29 0 91 99 82 75 12 16 71 99 55 94 81 78 11 80 54 36 85 76 69 16 35 93 97 70 39 
83 0 40 52 73 80 86 14 35 32 41 36 30 2 28 2 48 32 43 59 70 12 46 15 20 62 90 76 80 40 70 85 
5 40 0 95 80 48 25 62 49 66 16 57 84 53 31 7 7 4 23 55 19 73 14 5 33 74 94 61 62 39 24 93 
79 52 95 0 35 22 95 98 58 16 31 37 7 24 26 62 6 64 44 8 19 34 47 50 51 99 35 47 20 28 85 98 
36 73 80 35 0 76 49 27 76 1 41 15 48 79 79 19 12 11 15 11 63 83 87 81 4 4 44 29 21 45 58 29 
29 80 48 22 76 0 85 89 79 94 25 81 12 5 73 62 6 69 57 86 69 32 81 32 65 45 33 98 37 22 85 96 
0 86 25 95 49 85 0 48 71 90 88 15 76 91 21 62 37 61 45 64 91 50 38 80 6 27 50 48 77 36 72 53 
91 14 62 98 27 89 48 0 83 5 1 16 31 66 35 7 11 39 13 4 69 74 57 36 31 60 84 99 69 36 20 22 
99 35 49 58 76 79 71 83 0 82 40 9 40 89 79 3 35 59 83 64 60 4 85 75 76 16 11 38 40 96 65 16 
82 32 66 16 1 94 90 5 82 0 3 49 39 13 15 16 42 0 41 49 22 52 99 26 1 35 77 88 70 85 78 35 
75 41 16 31 41 25 88 1 40 3 0 9 12 69 32 55 27 33 88 92 55 40 84 78 33 34 75 43 53 21 65 36 
12 36 57 37 15 81 15 16 9 49 9 0 64 46 35 76 11 86 12 20 11 33 47 30 11 30 58 83 50 53 84 17 
16 30 84 7 48 12 76 31 40 39 12 64 0 2 91 12 20 51 20 57 14 75 8 33 62 34 99 25 67 5 78 34 
71 2 53 24 79 5 91 66 89 13 69 46 2 0 50 5 48 18 9 2 97 60 31 100 1 1 50 100 26 69 50 76 
99 28 31 26 79 73 21 35 79 15 32 35 91 50 0 73 94 84 62 7 63 20 17 67 41 62 43 90 56 95 96 24 
55 2 7 62 19 62 62 7 3 16 55 76 12 5 73 0 25 100 17 67 12 73 98 71 28 58 23 80 0 25 89 69 
94 48 7 6 12 6 37 11 35 42 27 11 20 48 94 25 0 77 44 16 95 6 100 40 29 53 88 14 6 95 79 66 
81 32 4 64 11 69 61 39 59 0 33 86 51 18 84 100 77 0 68 17 11 91 56 11 24 63 10 32 91 26 78 28 
78 43 23 44 15 57 45 13 83 41 88 12 20 9 62 17 44 68 0 24 2 54 85 35 17 68 48 52 86 8 19 88 
11 59 55 8 11 86 64 4 64 49 92 20 57 2 7 67 16 17 24 0 71 66 20 70 91 19 78 38 34 24 62 48 
80 70 19 19 63 69 91 69 60 22 55 11 14 97 63 12 95 11 2 71 0 63 15 73 56 84 34 56 24 49 76 92 
54 12 73 34 83 32 50 74 4 52 40 33 75 60 20 73 6 91 54 66 63 0 64 71 10 91 71 82 10 40 95 5 
36 46 14 47 87 81 38 57 85 99 84 47 8 31 17 98 100 56 85 20 15 64 0 69 47 37 32 17 28 94 33 14 
85 15 5 50 81 32 80 36 75 26 78 30 33 100 67 71 40 11 35 70 73 71 69 0 39 53 61 43 42 57 87 12 
76 20 33 51 4 65 6 31 76 1 33 11 62 1 41 28 29 24 17 91 56 10 47 39 0 62 65 9 90 83 26 39 
69 62 74 99 4 45 27 60 16 35 34 30 34 1 62 58 53 63 68 19 84 91 37 53 62 0 73 31 61 64 74 36 
16 90 94 35 44 33 50 84 11 77 75 58 99 50 43 23 88 10 48 78 34 71 32 61 65 73 0 39 60 98 66 73 
35 76 61 47 29 98 48 99 38 88 43 83 25 100 90 80 14 32 52 38 56 82 17 43 9 31 39 0 66 99 13 99 
93 80 62 20 21 37 77 69 40 70 53 50 67 26 56 0 6 91 86 34 24 10 28 42 90 61 60 66 0 42 91 5 
97 40 39 28 45 22 36 36 96 85 21 53 5 69 95 25 95 26 8 24 49 40 94 57 83 64 98 99 42 0 19 20 
70 70 24 85 58 85 72 20 65 78 65 84 78 50 96 89 79 78 19 62 76 95 33 87 26 74 66 13 91 19 0 48 
39 85 93 98 29 96 53 22 16 35 36 17 34 76 24 69 66 28 88 48 92 5 14 12 39 36 73 99 5 20 48 0 
BRBBRBBRBBBBBRBBRRRRRRRBBRRBRBRR
