8
0 2 67 15 5 21 46 89 
2 0 19 84 39 60 23 50 
67 19 0 61 10 58 59 97 
15 84 61 0 76 17 30 97 
5 39 10 76 0 78 47 40 
21 60 58 17 78 0 22 25 
46 23 59 30 47 22 0 24 
89 50 97 97 40 25 24 0 
BRRBRRBB
