26
0 27 8 6 51 52 43 100 81 8 47 68 28 13 42 36 26 12 94 92 83 85 23 51 91 64 
27 0 59 33 16 28 100 27 22 57 68 52 5 94 59 43 34 91 54 26 97 71 19 77 19 10 
8 59 0 93 55 63 33 9 60 41 54 13 54 63 96 6 52 27 28 28 67 9 58 85 59 19 
6 33 93 0 88 26 48 74 20 54 58 91 75 6 53 55 67 18 67 17 81 97 61 95 70 7 
51 16 55 88 0 45 86 63 48 70 18 93 7 24 16 58 74 87 79 100 25 12 56 49 71 88 
52 28 63 26 45 0 25 75 83 76 88 34 1 63 46 4 39 82 10 10 95 23 11 7 94 94 
43 100 33 48 86 25 0 51 22 81 52 85 7 54 2 80 12 31 42 47 92 73 95 80 79 11 
100 27 9 74 63 75 51 0 36 42 72 49 59 1 49 2 23 46 93 32 99 52 8 9 41 34 
81 22 60 20 48 83 22 36 0 59 45 8 11 15 49 35 60 35 84 26 100 52 28 50 30 57 
8 57 41 54 70 76 81 42 59 0 94 63 37 81 66 28 70 6 76 63 92 89 67 57 32 59 
47 68 54 58 18 88 52 72 45 94 0 41 4 67 46 75 60 74 43 84 35 26 35 15 36 22 
68 52 13 91 93 34 85 49 8 63 41 0 34 2 90 17 23 37 41 55 25 76 2 70 82 31 
28 5 54 75 7 1 7 59 11 37 4 34 0 59 69 83 37 11 35 76 74 9 18 58 95 85 
13 94 63 6 24 63 54 1 15 81 67 2 59 0 92 50 3 55 88 20 29 68 72 61 38 97 
42 59 96 53 16 46 2 49 49 66 46 90 69 92 0 81 22 20 42 33 91 71 41 49 88 85 
36 43 6 55 58 4 80 2 35 28 75 17 83 50 81 0 57 86 74 40 18 37 3 22 94 12 
26 34 52 67 74 39 12 23 60 70 60 23 37 3 22 57 0 41 33 83 98 34 70 32 46 89 
12 91 27 18 87 82 31 46 35 6 74 37 11 55 20 86 41 0 29 16 90 77 5 65 100 57 
94 54 28 67 79 10 42 93 84 76 43 41 35 88 42 74 33 29 0 52 28 48 91 40 88 63 
92 26 28 17 100 10 47 32 26 63 84 55 76 20 33 40 83 16 52 0 96 94 45 97 10 25 
83 97 67 81 25 95 92 99 100 92 35 25 74 29 91 18 98 90 28 96 0 1 86 9 4 3 
85 71 9 97 12 23 73 52 52 89 26 76 9 68 71 37 34 77 48 94 1 0 71 58 52 38 
23 19 58 61 56 11 95 8 28 67 35 2 18 72 41 3 70 5 91 45 86 71 0 68 89 59 
51 77 85 95 49 7 80 9 50 57 15 70 58 61 49 22 32 65 40 97 9 58 68 0 83 67 
91 19 59 70 71 94 79 41 30 32 36 82 95 38 88 94 46 100 88 10 4 52 89 83 0 39 
64 10 19 7 88 94 11 34 57 59 22 31 85 97 85 12 89 57 63 25 3 38 59 67 39 0 
RRRRBBBRBBBRRRRBRRBBRBRBBB
