32
0 41 45 79 7 29 40 97 58 26 29 79 20 18 2 23 48 22 4 13 49 10 69 96 63 48 86 43 83 23 57 52 
41 0 64 17 77 90 49 100 12 13 15 70 99 1 24 94 59 0 25 42 29 15 92 65 53 54 39 81 3 74 64 51 
45 64 0 37 39 5 78 83 80 40 6 22 87 1 75 44 76 30 6 21 66 28 23 42 68 53 21 94 48 90 17 62 
79 17 37 0 39 12 52 76 82 20 50 21 3 10 8 69 20 53 70 35 92 15 89 6 23 55 13 85 73 46 69 69 
7 77 39 39 0 6 36 21 18 47 31 43 18 7 91 86 71 98 59 34 78 63 26 8 97 0 73 21 55 42 87 76 
29 90 5 12 6 0 91 68 71 54 5 41 94 20 54 19 60 72 79 22 98 85 10 69 89 77 28 43 92 41 9 48 
40 49 78 52 36 91 0 64 76 96 16 96 47 70 42 83 51 67 60 100 46 66 92 2 39 36 82 56 76 8 25 34 
97 100 83 76 21 68 64 0 56 64 92 76 7 40 97 79 61 30 38 96 18 41 38 31 68 92 29 85 39 39 81 91 
58 12 80 82 18 71 76 56 0 45 22 72 15 94 62 4 96 62 18 75 19 1 20 41 5 25 85 84 38 60 99 97 
26 13 40 20 47 54 96 64 45 0 81 5 44 13 1 24 17 69 8 0 97 30 61 31 60 65 24 0 89 65 78 7 
29 15 6 50 31 5 16 92 22 81 0 42 8 72 73 5 2 7 76 2 100 74 3 35 1 41 43 65 30 71 85 65 
79 70 22 21 43 41 96 76 72 5 42 0 25 36 4 1 21 18 51 41 96 24 0 7 9 19 60 88 31 3 18 100 
20 99 87 3 18 94 47 7 15 44 8 25 0 5 44 78 41 36 69 34 41 1 72 52 58 36 33 47 17 73 22 38 
18 1 1 10 7 20 70 40 94 13 72 36 5 0 73 69 74 15 14 89 94 76 50 86 68 43 16 72 64 89 60 72 
2 24 75 8 91 54 42 97 62 1 73 4 44 73 0 97 11 23 74 70 0 41 40 39 46 93 26 85 93 56 94 75 
23 94 44 69 86 19 83 79 4 24 5 1 78 69 97 0 71 77 69 53 12 21 67 10 39 3 93 22 52 24 42 6 
48 59 76 20 71 60 51 61 96 17 2 21 41 74 11 71 0 56 54 67 69 86 79 18 66 73 69 88 43 23 73 99 
22 0 30 53 98 72 67 30 62 69 7 18 36 15 23 77 56 0 68 50 88 52 26 43 67 80 98 43 83 5 30 46 
4 25 6 70 59 79 60 38 18 8 76 51 69 14 74 69 54 68 0 24 92 44 92 32 72 25 92 10 14 86 21 42 
13 42 21 35 34 22 100 96 75 0 2 41 34 89 70 53 67 50 24 0 36 5 68 20 51 72 29 63 32 14 52 7 
49 29 66 92 78 98 46 18 19 97 100 96 41 94 0 12 69 88 92 36 0 52 41 98 32 54 45 10 89 10 47 84 
10 15 28 15 63 85 66 41 1 30 74 24 1 76 41 21 86 52 44 5 52 0 59 75 55 13 78 94 73 13 82 59 
69 92 23 89 26 10 92 38 20 61 3 0 72 50 40 67 79 26 92 68 41 59 0 39 40 34 51 37 85 99 74 94 
96 65 42 6 8 69 2 31 41 31 35 7 52 86 39 10 18 43 32 20 98 75 39 0 66 7 47 95 49 4 65 84 
63 53 68 23 97 89 39 68 5 60 1 9 58 68 46 39 66 67 72 51 32 55 40 66 0 9 52 35 2 12 73 24 
48 54 53 55 0 77 36 92 25 65 41 19 36 43 93 3 73 80 25 72 54 13 34 7 9 0 90 79 15 45 89 55 
86 39 21 13 73 28 82 29 85 24 43 60 33 16 26 93 69 98 92 29 45 78 51 47 52 90 0 41 64 12 95 98 
43 81 94 85 21 43 56 85 84 0 65 88 47 72 85 22 88 43 10 63 10 94 37 95 35 79 41 0 84 90 93 43 
83 3 48 73 55 92 76 39 38 89 30 31 17 64 93 52 43 83 14 32 89 73 85 49 2 15 64 84 0 88 39 13 
23 74 90 46 42 41 8 39 60 65 71 3 73 89 56 24 23 5 86 14 10 13 99 4 12 45 12 90 88 0 41 53 
57 64 17 69 87 9 25 81 99 78 85 18 22 60 94 42 73 30 21 52 47 82 74 65 73 89 95 93 39 41 0 55 
52 51 62 69 76 48 34 91 97 7 65 100 38 72 75 6 99 46 42 7 84 59 94 84 24 55 98 43 13 53 55 0 
RBRRBRBRRRBBRBRBBRRBBRRBBBRRBRBB
