20
0 9 91 47 98 93 77 6 33 60 65 25 8 61 85 59 76 75 31 96 
9 0 53 26 14 43 66 99 78 22 70 13 66 57 6 44 26 42 86 13 
91 53 0 30 9 21 21 19 43 13 6 30 23 20 23 8 75 28 59 12 
47 26 30 0 58 2 5 66 84 38 71 64 32 60 90 98 75 65 29 41 
98 14 9 58 0 61 50 10 83 53 56 83 1 17 100 2 52 17 30 15 
93 43 21 2 61 0 22 75 69 37 31 84 60 7 11 68 13 100 2 98 
77 66 21 5 50 22 0 45 33 73 78 30 95 82 1 44 70 28 65 49 
6 99 19 66 10 75 45 0 51 100 6 43 73 33 14 18 53 50 24 68 
33 78 43 84 83 69 33 51 0 13 97 59 92 24 42 54 7 39 48 93 
60 22 13 38 53 37 73 100 13 0 70 93 73 29 39 100 53 5 58 46 
65 70 6 71 56 31 78 6 97 70 0 18 34 31 47 48 80 93 47 83 
25 13 30 64 83 84 30 43 59 93 18 0 53 91 79 7 56 69 60 58 
8 66 23 32 1 60 95 73 92 73 34 53 0 75 99 7 9 65 69 46 
61 57 20 60 17 7 82 33 24 29 31 91 75 0 99 12 82 65 41 61 
85 6 23 90 100 11 1 14 42 39 47 79 99 99 0 77 61 34 37 99 
59 44 8 98 2 68 44 18 54 100 48 7 7 12 77 0 3 50 1 74 
76 26 75 75 52 13 70 53 7 53 80 56 9 82 61 3 0 22 84 3 
75 42 28 65 17 100 28 50 39 5 93 69 65 65 34 50 22 0 43 4 
31 86 59 29 30 2 65 24 48 58 47 60 69 41 37 1 84 43 0 64 
96 13 12 41 15 98 49 68 93 46 83 58 46 61 99 74 3 4 64 0 
BRRRRRBRBBBRRRRBBBBB
