18
0 4 42 39 97 57 76 77 14 89 36 22 25 27 11 5 13 52 
4 0 72 22 45 5 75 43 12 78 8 69 8 8 10 95 37 60 
42 72 0 35 25 85 56 49 72 95 56 93 83 42 51 65 22 5 
39 22 35 0 49 90 74 0 23 56 88 75 87 87 49 36 92 70 
97 45 25 49 0 68 6 84 1 94 69 28 77 1 77 85 61 78 
57 5 85 90 68 0 60 100 16 8 10 61 3 85 85 66 93 56 
76 75 56 74 6 60 0 70 7 41 50 2 21 50 52 10 80 67 
77 43 49 0 84 100 70 0 25 52 50 82 1 44 2 20 33 82 
14 12 72 23 1 16 7 25 0 98 65 3 5 41 86 60 96 50 
89 78 95 56 94 8 41 52 98 0 6 19 28 64 65 22 100 2 
36 8 56 88 69 10 50 50 65 6 0 42 70 91 25 92 8 81 
22 69 93 75 28 61 2 82 3 19 42 0 100 16 32 63 6 25 
25 8 83 87 77 3 21 1 5 28 70 100 0 82 53 9 89 55 
27 8 42 87 1 85 50 44 41 64 91 16 82 0 34 40 68 61 
11 10 51 49 77 85 52 2 86 65 25 32 53 34 0 19 6 52 
5 95 65 36 85 66 10 20 60 22 92 63 9 40 19 0 100 7 
13 37 22 92 61 93 80 33 96 100 8 6 89 68 6 100 0 11 
52 60 5 70 78 56 67 82 50 2 81 25 55 61 52 7 11 0 
BBBBRRRBBRRRRRBBBR
