24
0 50 1 64 67 28 33 0 54 16 37 78 97 51 52 89 7 80 59 91 45 43 34 20 
50 0 75 100 62 44 2 37 81 30 87 100 74 77 20 8 82 44 82 41 15 60 28 19 
1 75 0 31 76 85 1 92 86 9 49 1 85 21 5 71 62 24 95 76 43 36 25 42 
64 100 31 0 34 10 6 64 54 70 18 74 23 28 9 14 80 85 85 61 66 6 46 53 
67 62 76 34 0 29 12 90 84 7 94 90 30 5 28 32 30 51 44 22 7 5 57 22 
28 44 85 10 29 0 6 54 70 25 99 97 81 14 7 57 33 95 0 64 55 20 54 78 
33 2 1 6 12 6 0 56 35 20 58 56 83 96 95 33 8 59 44 4 1 76 7 26 
0 37 92 64 90 54 56 0 96 63 47 69 13 86 19 38 83 76 74 94 3 15 85 85 
54 81 86 54 84 70 35 96 0 67 56 35 75 66 96 60 3 57 49 75 5 85 64 65 
16 30 9 70 7 25 20 63 67 0 28 52 29 17 62 58 83 3 34 99 68 33 39 94 
37 87 49 18 94 99 58 47 56 28 0 93 83 8 56 24 52 0 32 16 74 66 79 29 
78 100 1 74 90 97 56 69 35 52 93 0 7 79 51 23 44 70 67 80 28 17 90 27 
97 74 85 23 30 81 83 13 75 29 83 7 0 90 53 20 9 2 18 56 44 99 29 63 
51 77 21 28 5 14 96 86 66 17 8 79 90 0 67 95 12 27 71 40 86 100 37 19 
52 20 5 9 28 7 95 19 96 62 56 51 53 67 0 17 93 59 50 81 91 36 32 73 
89 8 71 14 32 57 33 38 60 58 24 23 20 95 17 0 66 71 63 69 0 59 49 58 
7 82 62 80 30 33 8 83 3 83 52 44 9 12 93 66 0 59 45 91 42 32 10 66 
80 44 24 85 51 95 59 76 57 3 0 70 2 27 59 71 59 0 20 3 56 74 17 28 
59 82 95 85 44 0 44 74 49 34 32 67 18 71 50 63 45 20 0 25 75 88 14 13 
91 41 76 61 22 64 4 94 75 99 16 80 56 40 81 69 91 3 25 0 87 41 3 77 
45 15 43 66 7 55 1 3 5 68 74 28 44 86 91 0 42 56 75 87 0 72 61 53 
43 60 36 6 5 20 76 15 85 33 66 17 99 100 36 59 32 74 88 41 72 0 57 4 
34 28 25 46 57 54 7 85 64 39 79 90 29 37 32 49 10 17 14 3 61 57 0 90 
20 19 42 53 22 78 26 85 65 94 29 27 63 19 73 58 66 28 13 77 53 4 90 0 
RRBBRRRRBBRRBBBBRBBBRBRR
