18
0 82 44 77 31 18 17 16 47 28 31 16 18 54 43 40 71 100 
82 0 78 43 63 54 81 22 1 39 35 84 38 80 93 15 49 34 
44 78 0 65 5 63 74 86 50 85 91 69 85 82 4 86 95 23 
77 43 65 0 56 57 28 72 49 77 40 59 79 52 7 30 21 73 
31 63 5 56 0 31 32 29 43 17 15 16 95 95 66 88 99 39 
18 54 63 57 31 0 71 22 28 56 28 88 98 28 76 53 6 10 
17 81 74 28 32 71 0 62 18 82 24 80 45 13 31 71 52 15 
16 22 86 72 29 22 62 0 20 87 73 88 64 10 53 35 7 20 
47 1 50 49 43 28 18 20 0 47 35 20 87 37 29 60 1 82 
28 39 85 77 17 56 82 87 47 0 5 70 61 19 100 33 54 64 
31 35 91 40 15 28 24 73 35 5 0 53 28 21 0 83 19 84 
16 84 69 59 16 88 80 88 20 70 53 0 6 92 97 38 38 92 
18 38 85 79 95 98 45 64 87 61 28 6 0 6 15 40 83 38 
54 80 82 52 95 28 13 10 37 19 21 92 6 0 18 88 1 72 
43 93 4 7 66 76 31 53 29 100 0 97 15 18 0 47 79 33 
40 15 86 30 88 53 71 35 60 33 83 38 40 88 47 0 95 83 
71 49 95 21 99 6 52 7 1 54 19 38 83 1 79 95 0 13 
100 34 23 73 39 10 15 20 82 64 84 92 38 72 33 83 13 0 
BBRBRBRBBRRRRBBBRR
