18
0 46 16 75 88 51 20 49 48 71 99 51 48 15 42 50 88 6 
46 0 11 10 83 99 35 59 34 55 7 11 76 37 74 1 28 78 
16 11 0 64 48 65 24 96 22 62 67 98 84 21 17 49 82 96 
75 10 64 0 87 53 13 5 64 74 68 26 38 8 76 0 21 41 
88 83 48 87 0 89 40 41 55 23 43 47 23 22 5 47 79 85 
51 99 65 53 89 0 33 15 68 27 92 6 68 65 84 99 40 55 
20 35 24 13 40 33 0 36 5 36 99 82 45 31 5 1 75 50 
49 59 96 5 41 15 36 0 57 90 29 11 36 42 48 9 22 88 
48 34 22 64 55 68 5 57 0 77 98 66 14 11 64 27 9 35 
71 55 62 74 23 27 36 90 77 0 57 55 32 15 8 64 87 15 
99 7 67 68 43 92 99 29 98 57 0 52 76 74 48 68 18 54 
51 11 98 26 47 6 82 11 66 55 52 0 90 92 45 21 26 46 
48 76 84 38 23 68 45 36 14 32 76 90 0 6 72 52 86 44 
15 37 21 8 22 65 31 42 11 15 74 92 6 0 37 59 10 86 
42 74 17 76 5 84 5 48 64 8 48 45 72 37 0 7 55 96 
50 1 49 0 47 99 1 9 27 64 68 21 52 59 7 0 10 88 
88 28 82 21 79 40 75 22 9 87 18 26 86 10 55 10 0 78 
6 78 96 41 85 55 50 88 35 15 54 46 44 86 96 88 78 0 
RBBRRBRRBRRBBRRBBB
