6
0 51 97 57 79 64 
51 0 56 60 56 13 
97 56 0 89 47 61 
57 60 89 0 86 50 
79 56 47 86 0 11 
64 13 61 50 11 0 
BRRBBR
