6
0 41 56 88 44 39 
41 0 69 69 74 100 
56 69 0 16 72 5 
88 69 16 0 27 31 
44 74 72 27 0 67 
39 100 5 31 67 0 
BRRBBR
