6
0 94 7 93 72 16 
94 0 53 78 83 82 
7 53 0 97 72 47 
93 78 97 0 71 15 
72 83 72 71 0 89 
16 82 47 15 89 0 
RBBRRB
