20
0 73 30 97 40 15 57 44 46 32 64 94 32 14 40 95 31 19 29 57 
73 0 5 63 1 0 11 47 58 0 95 98 25 85 48 60 38 19 96 79 
30 5 0 31 18 48 56 16 66 7 12 42 20 44 65 5 54 42 89 62 
97 63 31 0 66 8 71 9 33 20 24 42 1 4 6 73 88 87 71 54 
40 1 18 66 0 72 37 12 51 91 7 87 78 11 31 96 98 58 24 89 
15 0 48 8 72 0 50 25 88 74 100 60 21 65 31 29 90 14 20 61 
57 11 56 71 37 50 0 48 66 84 100 7 6 92 35 96 85 4 73 31 
44 47 16 9 12 25 48 0 66 94 96 73 66 49 12 59 48 26 44 2 
46 58 66 33 51 88 66 66 0 22 77 26 85 89 48 60 23 30 60 6 
32 0 7 20 91 74 84 94 22 0 100 84 77 79 47 99 77 90 11 82 
64 95 12 24 7 100 100 96 77 100 0 19 28 24 79 59 52 88 81 97 
94 98 42 42 87 60 7 73 26 84 19 0 4 85 66 94 50 4 100 27 
32 25 20 1 78 21 6 66 85 77 28 4 0 68 24 8 55 69 86 10 
14 85 44 4 11 65 92 49 89 79 24 85 68 0 68 3 48 21 91 22 
40 48 65 6 31 31 35 12 48 47 79 66 24 68 0 59 11 35 58 13 
95 60 5 73 96 29 96 59 60 99 59 94 8 3 59 0 23 40 24 53 
31 38 54 88 98 90 85 48 23 77 52 50 55 48 11 23 0 41 70 74 
19 19 42 87 58 14 4 26 30 90 88 4 69 21 35 40 41 0 69 65 
29 96 89 71 24 20 73 44 60 11 81 100 86 91 58 24 70 69 0 91 
57 79 62 54 89 61 31 2 6 82 97 27 10 22 13 53 74 65 91 0 
RRRRRRRBBBBBRBBRBRBB
