28
0 9 77 6 92 92 83 44 61 65 16 91 96 15 49 88 3 5 13 94 51 70 71 77 97 66 28 29 
9 0 32 51 95 47 59 7 77 97 100 20 19 69 51 50 49 45 43 76 13 48 24 3 9 15 42 78 
77 32 0 79 81 95 38 43 55 60 91 41 44 10 38 63 50 73 23 4 58 7 12 3 80 75 51 10 
6 51 79 0 82 77 62 46 0 23 75 97 1 41 83 81 15 37 23 74 43 83 5 82 60 7 33 14 
92 95 81 82 0 91 10 80 19 44 62 85 69 38 42 21 42 75 11 1 8 70 67 72 100 73 70 46 
92 47 95 77 91 0 78 69 35 87 85 42 27 80 55 91 62 54 77 27 56 89 10 66 11 12 69 100 
83 59 38 62 10 78 0 89 6 1 49 22 33 45 100 45 53 64 63 69 38 43 60 61 78 46 20 23 
44 7 43 46 80 69 89 0 46 96 94 79 34 84 69 99 23 74 12 59 74 57 94 62 99 24 35 93 
61 77 55 0 19 35 6 46 0 31 3 44 65 21 10 95 92 15 39 74 60 70 10 7 7 14 87 49 
65 97 60 23 44 87 1 96 31 0 90 85 98 90 98 40 51 5 85 51 30 32 90 56 32 6 1 55 
16 100 91 75 62 85 49 94 3 90 0 86 76 47 85 16 43 84 73 51 12 63 47 7 73 70 15 43 
91 20 41 97 85 42 22 79 44 85 86 0 26 100 15 79 23 97 30 10 36 42 59 65 94 87 43 44 
96 19 44 1 69 27 33 34 65 98 76 26 0 69 33 65 42 97 22 82 84 41 53 37 19 32 68 99 
15 69 10 41 38 80 45 84 21 90 47 100 69 0 75 90 28 74 16 75 35 29 96 77 86 78 35 66 
49 51 38 83 42 55 100 69 10 98 85 15 33 75 0 95 98 19 27 85 86 73 23 92 75 6 25 73 
88 50 63 81 21 91 45 99 95 40 16 79 65 90 95 0 48 36 49 90 29 87 38 85 54 10 12 4 
3 49 50 15 42 62 53 23 92 51 43 23 42 28 98 48 0 62 0 0 38 85 72 52 4 29 18 49 
5 45 73 37 75 54 64 74 15 5 84 97 97 74 19 36 62 0 32 57 21 36 65 74 94 52 71 29 
13 43 23 23 11 77 63 12 39 85 73 30 22 16 27 49 0 32 0 9 87 75 10 60 2 26 6 74 
94 76 4 74 1 27 69 59 74 51 51 10 82 75 85 90 0 57 9 0 57 81 84 79 45 68 4 48 
51 13 58 43 8 56 38 74 60 30 12 36 84 35 86 29 38 21 87 57 0 73 23 23 17 89 78 46 
70 48 7 83 70 89 43 57 70 32 63 42 41 29 73 87 85 36 75 81 73 0 89 63 43 51 21 97 
71 24 12 5 67 10 60 94 10 90 47 59 53 96 23 38 72 65 10 84 23 89 0 6 61 39 27 43 
77 3 3 82 72 66 61 62 7 56 7 65 37 77 92 85 52 74 60 79 23 63 6 0 52 47 4 95 
97 9 80 60 100 11 78 99 7 32 73 94 19 86 75 54 4 94 2 45 17 43 61 52 0 61 95 93 
66 15 75 7 73 12 46 24 14 6 70 87 32 78 6 10 29 52 26 68 89 51 39 47 61 0 80 88 
28 42 51 33 70 69 20 35 87 1 15 43 68 35 25 12 18 71 6 4 78 21 27 4 95 80 0 35 
29 78 10 14 46 100 23 93 49 55 43 44 99 66 73 4 49 29 74 48 46 97 43 95 93 88 35 0 
RBBRRRRBBRBBRRBBRRRBBBBRBBRR
