22
0 93 30 84 63 10 94 77 40 68 78 48 97 80 68 63 72 8 63 98 61 77 
93 0 41 51 76 25 23 9 87 81 93 60 78 16 45 97 41 62 47 23 89 53 
30 41 0 85 73 79 97 17 14 74 19 20 33 68 28 1 22 60 43 0 60 0 
84 51 85 0 60 97 98 0 83 63 22 80 64 92 54 46 47 8 97 42 47 4 
63 76 73 60 0 10 6 33 31 14 80 58 93 44 73 53 38 81 1 12 22 80 
10 25 79 97 10 0 4 3 42 95 98 49 43 90 47 46 52 78 58 65 36 39 
94 23 97 98 6 4 0 60 77 79 27 82 29 10 3 1 77 97 59 20 75 38 
77 9 17 0 33 3 60 0 68 98 47 46 30 38 17 22 11 49 59 37 46 70 
40 87 14 83 31 42 77 68 0 55 74 99 5 47 89 94 85 56 92 23 22 68 
68 81 74 63 14 95 79 98 55 0 25 21 97 59 41 4 2 1 57 17 25 58 
78 93 19 22 80 98 27 47 74 25 0 75 44 10 63 89 82 81 11 71 71 78 
48 60 20 80 58 49 82 46 99 21 75 0 14 60 95 1 24 68 17 95 91 96 
97 78 33 64 93 43 29 30 5 97 44 14 0 26 36 25 6 76 88 26 84 41 
80 16 68 92 44 90 10 38 47 59 10 60 26 0 75 69 99 3 49 60 41 83 
68 45 28 54 73 47 3 17 89 41 63 95 36 75 0 91 42 93 96 52 42 98 
63 97 1 46 53 46 1 22 94 4 89 1 25 69 91 0 94 19 50 70 63 57 
72 41 22 47 38 52 77 11 85 2 82 24 6 99 42 94 0 26 46 32 27 85 
8 62 60 8 81 78 97 49 56 1 81 68 76 3 93 19 26 0 88 51 7 76 
63 47 43 97 1 58 59 59 92 57 11 17 88 49 96 50 46 88 0 66 89 57 
98 23 0 42 12 65 20 37 23 17 71 95 26 60 52 70 32 51 66 0 11 19 
61 89 60 47 22 36 75 46 22 25 71 91 84 41 42 63 27 7 89 11 0 74 
77 53 0 4 80 39 38 70 68 58 78 96 41 83 98 57 85 76 57 19 74 0 
RRBRRRRBBBBRRBRBBBBRBR
