30
0 50 66 37 30 92 12 22 34 71 14 65 91 51 55 6 49 66 87 64 30 65 86 7 63 73 15 88 70 18 
50 0 52 67 2 54 13 5 54 44 40 7 28 57 87 25 97 21 83 52 18 4 41 69 38 40 69 41 10 45 
66 52 0 1 37 64 92 29 48 81 58 57 73 54 65 68 99 39 99 2 83 33 4 37 31 42 15 45 75 58 
37 67 1 0 15 18 56 18 73 24 63 28 49 46 5 18 81 46 96 28 26 76 94 94 53 65 4 28 50 33 
30 2 37 15 0 19 68 28 30 1 36 27 69 73 13 58 92 83 97 42 8 0 34 91 59 78 37 31 63 84 
92 54 64 18 19 0 28 80 95 37 31 77 70 46 84 61 10 90 30 14 97 21 20 70 19 19 48 62 0 45 
12 13 92 56 68 28 0 14 96 63 78 76 83 17 72 63 71 85 11 53 47 78 97 12 62 69 36 19 37 16 
22 5 29 18 28 80 14 0 72 84 19 15 28 93 93 15 69 48 100 31 24 40 3 31 36 80 52 31 87 31 
34 54 48 73 30 95 96 72 0 73 12 75 33 87 24 53 27 81 48 74 29 53 7 63 4 15 76 94 19 65 
71 44 81 24 1 37 63 84 73 0 47 5 48 23 99 35 5 86 41 28 15 83 78 12 74 59 12 57 92 68 
14 40 58 63 36 31 78 19 12 47 0 57 17 69 4 45 85 93 39 94 17 58 28 36 8 67 97 18 12 94 
65 7 57 28 27 77 76 15 75 5 57 0 31 22 43 34 47 56 95 2 13 84 51 9 87 88 22 34 22 15 
91 28 73 49 69 70 83 28 33 48 17 31 0 57 64 83 84 87 91 7 64 37 9 9 56 19 6 95 81 77 
51 57 54 46 73 46 17 93 87 23 69 22 57 0 26 84 3 22 1 83 5 61 71 90 76 60 67 86 51 78 
55 87 65 5 13 84 72 93 24 99 4 43 64 26 0 15 92 39 73 58 12 27 52 11 96 24 64 75 62 62 
6 25 68 18 58 61 63 15 53 35 45 34 83 84 15 0 23 10 19 21 54 43 40 62 29 1 13 12 84 76 
49 97 99 81 92 10 71 69 27 5 85 47 84 3 92 23 0 29 25 59 25 88 5 19 79 90 0 56 7 78 
66 21 39 46 83 90 85 48 81 86 93 56 87 22 39 10 29 0 47 31 33 56 27 82 61 5 52 41 2 90 
87 83 99 96 97 30 11 100 48 41 39 95 91 1 73 19 25 47 0 71 31 49 46 15 56 83 13 48 79 23 
64 52 2 28 42 14 53 31 74 28 94 2 7 83 58 21 59 31 71 0 51 26 92 30 15 92 42 64 88 6 
30 18 83 26 8 97 47 24 29 15 17 13 64 5 12 54 25 33 31 51 0 96 42 41 8 60 13 92 9 58 
65 4 33 76 0 21 78 40 53 83 58 84 37 61 27 43 88 56 49 26 96 0 45 74 86 31 60 84 61 24 
86 41 4 94 34 20 97 3 7 78 28 51 9 71 52 40 5 27 46 92 42 45 0 48 56 90 58 21 8 90 
7 69 37 94 91 70 12 31 63 12 36 9 9 90 11 62 19 82 15 30 41 74 48 0 4 28 21 64 48 74 
63 38 31 53 59 19 62 36 4 74 8 87 56 76 96 29 79 61 56 15 8 86 56 4 0 61 89 37 32 35 
73 40 42 65 78 19 69 80 15 59 67 88 19 60 24 1 90 5 83 92 60 31 90 28 61 0 30 71 50 39 
15 69 15 4 37 48 36 52 76 12 97 22 6 67 64 13 0 52 13 42 13 60 58 21 89 30 0 52 16 1 
88 41 45 28 31 62 19 31 94 57 18 34 95 86 75 12 56 41 48 64 92 84 21 64 37 71 52 0 28 82 
70 10 75 50 63 0 37 87 19 92 12 22 81 51 62 84 7 2 79 88 9 61 8 48 32 50 16 28 0 31 
18 45 58 33 84 45 16 31 65 68 94 15 77 78 62 76 78 90 23 6 58 24 90 74 35 39 1 82 31 0 
RBRRRBBBBBBBBBRBRRBBRRRRBRRRRB
