16
0 72 70 27 0 41 58 98 2 72 38 57 100 60 66 30 
72 0 90 43 48 73 33 44 37 73 57 59 7 10 15 35 
70 90 0 77 48 98 74 1 32 54 91 23 5 77 92 55 
27 43 77 0 24 74 13 94 61 5 24 19 80 79 92 92 
0 48 48 24 0 54 1 77 35 98 69 63 77 89 30 11 
41 73 98 74 54 0 85 83 7 81 41 26 48 2 34 67 
58 33 74 13 1 85 0 19 37 76 36 38 14 91 20 10 
98 44 1 94 77 83 19 0 7 8 35 12 97 28 6 43 
2 37 32 61 35 7 37 7 0 25 81 29 61 21 15 24 
72 73 54 5 98 81 76 8 25 0 75 9 24 12 49 70 
38 57 91 24 69 41 36 35 81 75 0 25 0 36 32 69 
57 59 23 19 63 26 38 12 29 9 25 0 78 73 87 57 
100 7 5 80 77 48 14 97 61 24 0 78 0 40 72 88 
60 10 77 79 89 2 91 28 21 12 36 73 40 0 26 90 
66 15 92 92 30 34 20 6 15 49 32 87 72 26 0 7 
30 35 55 92 11 67 10 43 24 70 69 57 88 90 7 0 
RBRRBRRRBRBRBBBB
