16
0 71 92 74 30 13 57 15 33 11 87 65 15 57 99 27 
71 0 97 3 62 7 77 54 5 73 40 66 41 12 66 64 
92 97 0 39 99 4 41 94 40 44 29 59 16 80 24 31 
74 3 39 0 1 10 88 72 57 52 99 57 65 80 80 100 
30 62 99 1 0 98 53 93 43 76 82 84 51 88 99 74 
13 7 4 10 98 0 24 30 97 20 68 31 76 33 13 39 
57 77 41 88 53 24 0 60 20 70 63 63 75 67 67 74 
15 54 94 72 93 30 60 0 2 3 47 37 58 99 42 36 
33 5 40 57 43 97 20 2 0 76 41 41 11 30 23 69 
11 73 44 52 76 20 70 3 76 0 28 8 57 54 40 5 
87 40 29 99 82 68 63 47 41 28 0 97 49 49 6 61 
65 66 59 57 84 31 63 37 41 8 97 0 75 90 6 58 
15 41 16 65 51 76 75 58 11 57 49 75 0 18 82 97 
57 12 80 80 88 33 67 99 30 54 49 90 18 0 27 32 
99 66 24 80 99 13 67 42 23 40 6 6 82 27 0 52 
27 64 31 100 74 39 74 36 69 5 61 58 97 32 52 0 
BRRBBBBBRBRBRRRR
