24
0 59 7 51 46 43 43 1 9 1 96 97 71 94 65 45 12 56 20 20 28 22 85 19 
59 0 40 32 87 57 47 94 54 70 90 43 31 83 3 45 39 94 85 85 100 44 37 57 
7 40 0 88 75 76 43 65 78 72 51 24 14 43 72 68 33 36 74 91 64 59 99 52 
51 32 88 0 95 62 72 68 85 5 16 87 46 8 35 98 7 60 90 19 43 18 90 17 
46 87 75 95 0 51 61 27 53 83 6 35 99 72 79 32 53 65 60 19 48 98 22 16 
43 57 76 62 51 0 22 47 99 19 56 83 1 13 91 79 33 85 97 85 49 7 82 17 
43 47 43 72 61 22 0 32 12 91 20 88 31 92 80 72 55 3 89 31 98 57 49 22 
1 94 65 68 27 47 32 0 3 71 50 30 88 19 8 98 41 31 51 94 15 53 100 90 
9 54 78 85 53 99 12 3 0 88 8 60 94 39 18 17 62 25 86 64 23 10 84 48 
1 70 72 5 83 19 91 71 88 0 57 26 46 88 39 34 50 15 42 59 98 2 85 48 
96 90 51 16 6 56 20 50 8 57 0 68 49 28 55 36 64 88 95 7 46 4 5 34 
97 43 24 87 35 83 88 30 60 26 68 0 21 78 73 85 89 63 96 87 78 90 100 75 
71 31 14 46 99 1 31 88 94 46 49 21 0 9 27 33 80 29 87 90 7 88 66 1 
94 83 43 8 72 13 92 19 39 88 28 78 9 0 58 58 65 3 34 43 62 60 79 42 
65 3 72 35 79 91 80 8 18 39 55 73 27 58 0 86 2 68 20 93 69 31 85 53 
45 45 68 98 32 79 72 98 17 34 36 85 33 58 86 0 76 69 90 4 17 28 85 40 
12 39 33 7 53 33 55 41 62 50 64 89 80 65 2 76 0 80 54 0 42 40 52 31 
56 94 36 60 65 85 3 31 25 15 88 63 29 3 68 69 80 0 45 77 40 47 54 65 
20 85 74 90 60 97 89 51 86 42 95 96 87 34 20 90 54 45 0 2 80 6 99 51 
20 85 91 19 19 85 31 94 64 59 7 87 90 43 93 4 0 77 2 0 93 24 26 90 
28 100 64 43 48 49 98 15 23 98 46 78 7 62 69 17 42 40 80 93 0 62 99 61 
22 44 59 18 98 7 57 53 10 2 4 90 88 60 31 28 40 47 6 24 62 0 58 24 
85 37 99 90 22 82 49 100 84 85 5 100 66 79 85 85 52 54 99 26 99 58 0 67 
19 57 52 17 16 17 22 90 48 48 34 75 1 42 53 40 31 65 51 90 61 24 67 0 
BRRRRRBBRBRBBRBBRBBRBRRB
