6
0 13 47 25 26 48 
13 0 49 31 29 46 
47 49 0 33 25 33 
25 31 33 0 53 89 
26 29 25 53 0 100 
48 46 33 89 100 0 
RRRBBB
