28
0 9 34 88 5 87 35 22 73 38 57 14 39 35 53 67 40 72 56 65 42 7 20 4 97 53 45 12 
9 0 90 17 91 23 4 56 21 33 5 45 40 41 39 70 100 1 79 35 11 11 68 19 26 42 10 69 
34 90 0 69 63 24 68 72 82 88 99 11 76 30 67 60 27 27 62 57 17 56 94 40 86 93 47 85 
88 17 69 0 90 19 10 5 1 32 16 21 51 43 27 54 61 15 69 95 56 13 22 8 17 86 36 86 
5 91 63 90 0 29 100 5 76 95 94 4 17 78 24 29 83 47 25 4 90 93 67 5 41 15 62 56 
87 23 24 19 29 0 86 48 94 61 52 67 36 96 46 5 2 96 42 51 69 47 28 63 56 90 16 96 
35 4 68 10 100 86 0 86 30 25 7 6 56 89 65 66 40 39 56 71 23 1 74 76 42 39 30 92 
22 56 72 5 5 48 86 0 74 55 25 64 55 69 83 62 83 92 45 82 84 63 27 47 87 30 0 12 
73 21 82 1 76 94 30 74 0 3 99 24 90 68 32 81 10 99 35 31 77 65 16 59 62 78 24 69 
38 33 88 32 95 61 25 55 3 0 92 87 91 7 93 63 38 6 58 10 65 18 34 8 61 52 19 29 
57 5 99 16 94 52 7 25 99 92 0 81 70 31 46 63 71 58 26 22 5 85 42 33 65 41 30 58 
14 45 11 21 4 67 6 64 24 87 81 0 49 65 28 27 69 78 12 18 51 77 62 15 1 10 40 50 
39 40 76 51 17 36 56 55 90 91 70 49 0 36 61 38 65 24 79 89 69 93 51 53 41 58 41 38 
35 41 30 43 78 96 89 69 68 7 31 65 36 0 20 75 1 95 44 4 19 24 20 4 46 34 80 58 
53 39 67 27 24 46 65 83 32 93 46 28 61 20 0 16 26 36 6 3 33 38 48 32 84 39 96 93 
67 70 60 54 29 5 66 62 81 63 63 27 38 75 16 0 29 91 96 71 94 68 62 86 83 62 85 3 
40 100 27 61 83 2 40 83 10 38 71 69 65 1 26 29 0 8 99 25 43 30 89 65 65 84 35 91 
72 1 27 15 47 96 39 92 99 6 58 78 24 95 36 91 8 0 37 73 33 80 90 58 63 38 77 73 
56 79 62 69 25 42 56 45 35 58 26 12 79 44 6 96 99 37 0 98 85 89 14 96 81 18 76 45 
65 35 57 95 4 51 71 82 31 10 22 18 89 4 3 71 25 73 98 0 42 5 10 41 13 65 84 36 
42 11 17 56 90 69 23 84 77 65 5 51 69 19 33 94 43 33 85 42 0 43 41 98 75 3 48 13 
7 11 56 13 93 47 1 63 65 18 85 77 93 24 38 68 30 80 89 5 43 0 63 35 31 17 44 78 
20 68 94 22 67 28 74 27 16 34 42 62 51 20 48 62 89 90 14 10 41 63 0 63 45 35 61 36 
4 19 40 8 5 63 76 47 59 8 33 15 53 4 32 86 65 58 96 41 98 35 63 0 90 98 11 100 
97 26 86 17 41 56 42 87 62 61 65 1 41 46 84 83 65 63 81 13 75 31 45 90 0 34 9 89 
53 42 93 86 15 90 39 30 78 52 41 10 58 34 39 62 84 38 18 65 3 17 35 98 34 0 12 89 
45 10 47 36 62 16 30 0 24 19 30 40 41 80 96 85 35 77 76 84 48 44 61 11 9 12 0 9 
12 69 85 86 56 96 92 12 69 29 58 50 38 58 93 3 91 73 45 36 13 78 36 100 89 89 9 0 
RBRBBBRBBBBRRRRRBRBRBRBBRRRB
