8
0 55 86 0 38 43 17 95 
55 0 51 95 9 58 60 42 
86 51 0 59 91 70 13 38 
0 95 59 0 10 28 87 31 
38 9 91 10 0 35 10 6 
43 58 70 28 35 0 45 93 
17 60 13 87 10 45 0 65 
95 42 38 31 6 93 65 0 
BBBRRRBR
