20
0 13 45 75 62 47 88 80 21 49 67 7 71 31 78 1 73 33 43 42 
13 0 91 60 31 86 48 45 42 9 79 36 86 12 83 94 61 4 42 48 
45 91 0 48 77 91 93 78 23 25 80 52 57 55 1 79 89 43 70 88 
75 60 48 0 17 24 44 17 53 99 56 98 14 9 15 22 15 14 16 48 
62 31 77 17 0 43 20 71 35 5 13 2 21 90 92 3 55 60 36 44 
47 86 91 24 43 0 13 83 14 3 100 0 57 78 18 14 9 43 43 40 
88 48 93 44 20 13 0 74 78 15 1 80 76 15 88 44 55 32 84 77 
80 45 78 17 71 83 74 0 96 16 2 29 92 56 54 81 45 94 84 4 
21 42 23 53 35 14 78 96 0 77 60 71 11 36 92 14 2 50 79 49 
49 9 25 99 5 3 15 16 77 0 86 74 0 7 59 11 90 89 40 25 
67 79 80 56 13 100 1 2 60 86 0 69 42 55 22 92 5 34 31 73 
7 36 52 98 2 0 80 29 71 74 69 0 83 61 67 61 44 84 8 25 
71 86 57 14 21 57 76 92 11 0 42 83 0 92 81 55 40 25 42 39 
31 12 55 9 90 78 15 56 36 7 55 61 92 0 65 59 23 63 55 75 
78 83 1 15 92 18 88 54 92 59 22 67 81 65 0 28 15 57 89 82 
1 94 79 22 3 14 44 81 14 11 92 61 55 59 28 0 26 72 21 37 
73 61 89 15 55 9 55 45 2 90 5 44 40 23 15 26 0 39 47 68 
33 4 43 14 60 43 32 94 50 89 34 84 25 63 57 72 39 0 31 4 
43 42 70 16 36 43 84 84 79 40 31 8 42 55 89 21 47 31 0 32 
42 48 88 48 44 40 77 4 49 25 73 25 39 75 82 37 68 4 32 0 
BRBRBRRRBBBRBRBBRBRR
