14
0 67 49 57 89 89 78 9 17 45 33 64 99 84 
67 0 45 36 55 52 79 23 3 61 36 96 64 20 
49 45 0 68 49 49 90 53 37 86 69 81 55 1 
57 36 68 0 98 82 85 34 73 65 97 21 95 9 
89 55 49 98 0 76 48 19 42 40 34 67 14 58 
89 52 49 82 76 0 1 9 10 44 1 58 1 57 
78 79 90 85 48 1 0 31 22 37 4 69 4 41 
9 23 53 34 19 9 31 0 22 24 22 2 53 68 
17 3 37 73 42 10 22 22 0 3 73 93 60 65 
45 61 86 65 40 44 37 24 3 0 52 21 7 8 
33 36 69 97 34 1 4 22 73 52 0 100 50 55 
64 96 81 21 67 58 69 2 93 21 100 0 91 41 
99 64 55 95 14 1 4 53 60 7 50 91 0 95 
84 20 1 9 58 57 41 68 65 8 55 41 95 0 
BBBBBRRRBRRRBR
