24
0 59 69 46 44 13 14 11 38 19 7 2 72 15 60 88 56 30 21 7 64 38 56 38 
59 0 2 19 55 15 92 75 40 79 99 100 56 100 37 68 86 5 32 25 3 82 82 13 
69 2 0 98 42 49 83 69 93 43 23 99 35 59 26 24 46 79 49 85 37 83 5 69 
46 19 98 0 49 33 36 91 92 80 37 58 38 56 19 20 43 51 99 71 75 34 34 30 
44 55 42 49 0 22 48 73 81 9 46 59 45 8 96 6 96 0 42 8 78 42 19 100 
13 15 49 33 22 0 4 7 60 41 54 100 22 83 87 80 86 48 78 41 51 45 60 99 
14 92 83 36 48 4 0 84 19 83 66 30 48 83 1 88 6 41 4 62 2 61 47 24 
11 75 69 91 73 7 84 0 81 89 7 12 66 97 27 14 97 77 62 64 48 94 76 51 
38 40 93 92 81 60 19 81 0 27 35 42 52 28 54 72 43 5 41 39 33 13 71 93 
19 79 43 80 9 41 83 89 27 0 75 30 48 79 94 69 77 17 30 48 51 55 65 13 
7 99 23 37 46 54 66 7 35 75 0 93 37 41 33 51 73 30 18 23 27 24 23 69 
2 100 99 58 59 100 30 12 42 30 93 0 58 19 83 68 7 100 56 49 52 60 83 29 
72 56 35 38 45 22 48 66 52 48 37 58 0 13 20 45 4 13 18 17 92 41 45 88 
15 100 59 56 8 83 83 97 28 79 41 19 13 0 67 60 18 42 100 51 66 25 78 0 
60 37 26 19 96 87 1 27 54 94 33 83 20 67 0 73 11 42 30 28 70 23 23 79 
88 68 24 20 6 80 88 14 72 69 51 68 45 60 73 0 55 0 5 99 9 82 4 67 
56 86 46 43 96 86 6 97 43 77 73 7 4 18 11 55 0 65 54 20 57 99 34 10 
30 5 79 51 0 48 41 77 5 17 30 100 13 42 42 0 65 0 98 7 52 76 49 90 
21 32 49 99 42 78 4 62 41 30 18 56 18 100 30 5 54 98 0 16 58 48 28 42 
7 25 85 71 8 41 62 64 39 48 23 49 17 51 28 99 20 7 16 0 69 6 24 74 
64 3 37 75 78 51 2 48 33 51 27 52 92 66 70 9 57 52 58 69 0 52 81 90 
38 82 83 34 42 45 61 94 13 55 24 60 41 25 23 82 99 76 48 6 52 0 39 0 
56 82 5 34 19 60 47 76 71 65 23 83 45 78 23 4 34 49 28 24 81 39 0 96 
38 13 69 30 100 99 24 51 93 13 69 29 88 0 79 67 10 90 42 74 90 0 96 0 
BRBBRBRBRBRBBRRRRRBBRBRB
