26
0 54 81 27 9 38 38 81 76 52 3 59 17 16 15 44 44 67 64 91 81 22 22 38 5 12 
54 0 29 63 40 31 32 24 21 76 52 88 6 11 85 99 15 76 71 77 79 11 13 35 57 56 
81 29 0 41 16 42 76 94 76 41 60 45 58 99 27 69 1 57 35 42 81 51 54 15 84 13 
27 63 41 0 74 6 20 98 27 81 45 90 60 34 80 81 93 87 62 32 54 0 52 40 6 17 
9 40 16 74 0 76 26 77 83 55 85 17 66 26 84 96 41 71 29 1 75 1 64 70 81 12 
38 31 42 6 76 0 54 79 35 63 20 14 41 97 33 53 50 66 42 96 22 83 58 67 93 4 
38 32 76 20 26 54 0 54 17 99 88 93 16 20 27 35 85 49 55 48 14 19 18 77 79 57 
81 24 94 98 77 79 54 0 93 8 35 76 47 31 98 63 42 12 68 21 64 62 100 85 74 17 
76 21 76 27 83 35 17 93 0 43 89 26 73 2 4 60 18 20 92 93 89 64 79 100 93 44 
52 76 41 81 55 63 99 8 43 0 28 86 46 4 57 30 56 96 81 3 83 100 74 15 63 74 
3 52 60 45 85 20 88 35 89 28 0 60 58 69 81 73 63 53 5 6 78 79 25 35 30 26 
59 88 45 90 17 14 93 76 26 86 60 0 43 40 49 68 50 13 40 60 85 21 33 26 11 71 
17 6 58 60 66 41 16 47 73 46 58 43 0 52 36 35 37 79 30 68 94 29 20 95 65 79 
16 11 99 34 26 97 20 31 2 4 69 40 52 0 53 61 18 83 95 37 49 87 44 23 8 29 
15 85 27 80 84 33 27 98 4 57 81 49 36 53 0 22 90 51 39 5 5 40 67 49 10 98 
44 99 69 81 96 53 35 63 60 30 73 68 35 61 22 0 26 17 43 3 72 66 27 41 42 100 
44 15 1 93 41 50 85 42 18 56 63 50 37 18 90 26 0 73 87 87 56 26 40 50 82 30 
67 76 57 87 71 66 49 12 20 96 53 13 79 83 51 17 73 0 85 35 37 37 65 13 63 0 
64 71 35 62 29 42 55 68 92 81 5 40 30 95 39 43 87 85 0 51 18 61 55 68 25 8 
91 77 42 32 1 96 48 21 93 3 6 60 68 37 5 3 87 35 51 0 27 17 41 80 56 80 
81 79 81 54 75 22 14 64 89 83 78 85 94 49 5 72 56 37 18 27 0 40 45 18 82 62 
22 11 51 0 1 83 19 62 64 100 79 21 29 87 40 66 26 37 61 17 40 0 67 68 69 41 
22 13 54 52 64 58 18 100 79 74 25 33 20 44 67 27 40 65 55 41 45 67 0 37 6 57 
38 35 15 40 70 67 77 85 100 15 35 26 95 23 49 41 50 13 68 80 18 68 37 0 70 62 
5 57 84 6 81 93 79 74 93 63 30 11 65 8 10 42 82 63 25 56 82 69 6 70 0 80 
12 56 13 17 12 4 57 17 44 74 26 71 79 29 98 100 30 0 8 80 62 41 57 62 80 0 
RBRRRBBRBBRBBRRRBRBBBRRRBB
