20
0 1 18 17 52 80 82 12 45 38 98 71 6 36 17 28 64 38 75 24 
1 0 66 90 16 68 31 58 56 36 76 15 21 7 86 34 69 95 70 63 
18 66 0 22 43 17 82 4 7 88 9 55 38 25 66 81 68 35 38 13 
17 90 22 0 15 28 90 88 7 45 51 82 40 100 31 30 61 11 12 76 
52 16 43 15 0 33 99 33 94 63 89 29 45 11 79 15 84 88 2 3 
80 68 17 28 33 0 84 4 52 23 20 95 65 47 18 51 10 87 33 31 
82 31 82 90 99 84 0 78 14 40 81 96 43 49 65 55 32 48 78 78 
12 58 4 88 33 4 78 0 43 18 54 84 4 53 30 2 39 90 52 84 
45 56 7 7 94 52 14 43 0 38 29 73 46 6 82 63 7 63 56 46 
38 36 88 45 63 23 40 18 38 0 89 40 60 52 37 37 56 15 91 12 
98 76 9 51 89 20 81 54 29 89 0 91 71 27 47 53 10 19 56 48 
71 15 55 82 29 95 96 84 73 40 91 0 73 18 74 29 46 32 77 1 
6 21 38 40 45 65 43 4 46 60 71 73 0 73 36 52 7 80 78 97 
36 7 25 100 11 47 49 53 6 52 27 18 73 0 72 80 35 72 66 21 
17 86 66 31 79 18 65 30 82 37 47 74 36 72 0 75 12 39 33 72 
28 34 81 30 15 51 55 2 63 37 53 29 52 80 75 0 91 36 21 2 
64 69 68 61 84 10 32 39 7 56 10 46 7 35 12 91 0 24 98 68 
38 95 35 11 88 87 48 90 63 15 19 32 80 72 39 36 24 0 88 26 
75 70 38 12 2 33 78 52 56 91 56 77 78 66 33 21 98 88 0 73 
24 63 13 76 3 31 78 84 46 12 48 1 97 21 72 2 68 26 73 0 
RRRRBRBBRRBRRBBBRBBB
