14
0 46 11 13 15 43 73 91 65 38 28 23 26 11 
46 0 7 35 41 95 61 53 0 89 50 29 23 22 
11 7 0 67 8 83 98 75 54 84 25 89 12 43 
13 35 67 0 33 0 66 48 82 97 67 81 3 32 
15 41 8 33 0 43 59 60 66 46 92 9 98 79 
43 95 83 0 43 0 30 94 71 52 32 77 20 34 
73 61 98 66 59 30 0 5 58 32 95 55 17 31 
91 53 75 48 60 94 5 0 31 73 18 19 96 74 
65 0 54 82 66 71 58 31 0 63 95 98 63 78 
38 89 84 97 46 52 32 73 63 0 24 72 75 46 
28 50 25 67 92 32 95 18 95 24 0 10 69 50 
23 29 89 81 9 77 55 19 98 72 10 0 38 85 
26 23 12 3 98 20 17 96 63 75 69 38 0 48 
11 22 43 32 79 34 31 74 78 46 50 85 48 0 
BBBBBRRRRRRBRB
