16
0 71 79 59 61 81 98 9 61 5 81 96 70 69 77 61 
71 0 100 76 66 65 23 16 89 61 14 59 26 72 53 9 
79 100 0 52 4 26 40 40 99 80 72 8 3 55 94 28 
59 76 52 0 47 18 17 25 69 53 59 31 71 21 69 31 
61 66 4 47 0 4 8 27 47 40 23 21 80 34 14 85 
81 65 26 18 4 0 39 75 81 42 0 27 78 100 43 80 
98 23 40 17 8 39 0 24 68 20 93 24 82 7 42 1 
9 16 40 25 27 75 24 0 14 91 60 22 97 69 5 69 
61 89 99 69 47 81 68 14 0 34 8 73 21 41 66 66 
5 61 80 53 40 42 20 91 34 0 33 95 32 42 61 97 
81 14 72 59 23 0 93 60 8 33 0 27 72 9 68 62 
96 59 8 31 21 27 24 22 73 95 27 0 10 7 14 31 
70 26 3 71 80 78 82 97 21 32 72 10 0 99 32 29 
69 72 55 21 34 100 7 69 41 42 9 7 99 0 59 94 
77 53 94 69 14 43 42 5 66 61 68 14 32 59 0 96 
61 9 28 31 85 80 1 69 66 97 62 31 29 94 96 0 
BRBRBBRBBBRBRRRR
