24
0 91 24 85 0 70 69 56 67 15 36 77 47 23 33 8 20 70 99 58 97 9 41 75 
91 0 82 79 51 14 23 89 43 78 39 4 78 14 49 12 71 43 68 6 37 94 92 12 
24 82 0 20 11 55 47 76 33 12 72 57 3 26 3 29 30 75 72 96 45 91 52 27 
85 79 20 0 6 41 98 50 38 77 77 9 65 32 2 27 95 79 48 16 70 75 3 88 
0 51 11 6 0 57 53 89 79 2 86 99 44 76 85 9 90 40 9 50 44 68 70 52 
70 14 55 41 57 0 98 97 28 43 23 33 73 65 35 17 53 54 66 26 72 31 49 80 
69 23 47 98 53 98 0 5 61 77 66 2 95 61 70 7 98 30 38 48 93 16 47 30 
56 89 76 50 89 97 5 0 8 93 71 33 26 30 50 67 4 69 91 76 46 98 84 92 
67 43 33 38 79 28 61 8 0 8 62 67 77 76 10 2 66 68 81 99 55 56 7 24 
15 78 12 77 2 43 77 93 8 0 24 48 11 66 82 61 65 42 95 51 16 70 22 38 
36 39 72 77 86 23 66 71 62 24 0 44 74 90 50 55 40 67 97 14 9 23 41 19 
77 4 57 9 99 33 2 33 67 48 44 0 90 55 17 69 22 19 27 88 49 59 73 88 
47 78 3 65 44 73 95 26 77 11 74 90 0 18 15 47 54 66 35 35 12 100 5 33 
23 14 26 32 76 65 61 30 76 66 90 55 18 0 96 17 63 10 3 66 12 59 23 58 
33 49 3 2 85 35 70 50 10 82 50 17 15 96 0 45 98 24 31 48 28 24 63 2 
8 12 29 27 9 17 7 67 2 61 55 69 47 17 45 0 95 32 46 33 8 29 20 66 
20 71 30 95 90 53 98 4 66 65 40 22 54 63 98 95 0 20 24 10 44 80 58 77 
70 43 75 79 40 54 30 69 68 42 67 19 66 10 24 32 20 0 50 30 79 67 3 52 
99 68 72 48 9 66 38 91 81 95 97 27 35 3 31 46 24 50 0 68 12 6 12 26 
58 6 96 16 50 26 48 76 99 51 14 88 35 66 48 33 10 30 68 0 57 93 27 27 
97 37 45 70 44 72 93 46 55 16 9 49 12 12 28 8 44 79 12 57 0 64 96 4 
9 94 91 75 68 31 16 98 56 70 23 59 100 59 24 29 80 67 6 93 64 0 11 59 
41 92 52 3 70 49 47 84 7 22 41 73 5 23 63 20 58 3 12 27 96 11 0 91 
75 12 27 88 52 80 30 92 24 38 19 88 33 58 2 66 77 52 26 27 4 59 91 0 
BRBBRRBBRRBRBBBRRRBBRBRR
