32
0 30 7 49 38 64 10 72 82 12 84 65 24 84 32 53 74 98 17 7 67 19 66 15 89 96 57 83 64 24 79 64 
30 0 82 21 32 7 70 64 71 37 6 1 13 70 4 94 99 36 62 71 74 36 25 14 65 95 0 44 12 1 92 6 
7 82 0 61 74 21 53 63 25 43 19 50 88 8 5 36 50 76 62 21 1 98 59 82 35 92 57 84 56 11 60 60 
49 21 61 0 79 99 22 27 32 14 21 97 91 37 72 22 9 48 94 42 53 30 39 70 45 13 76 82 97 12 92 5 
38 32 74 79 0 70 2 19 23 82 24 63 79 78 24 56 55 68 40 52 60 32 24 22 88 85 69 58 9 92 94 4 
64 7 21 99 70 0 84 28 97 36 58 94 28 36 87 10 11 14 43 9 78 17 90 43 41 32 28 4 58 56 11 59 
10 70 53 22 2 84 0 56 35 93 48 71 64 73 25 4 43 41 13 67 23 40 62 41 21 1 83 66 64 71 87 66 
72 64 63 27 19 28 56 0 54 82 49 65 73 38 58 11 5 73 84 32 70 73 73 91 90 94 88 91 44 4 36 8 
82 71 25 32 23 97 35 54 0 45 33 6 58 10 74 75 73 74 38 4 97 81 18 54 70 16 57 29 45 4 1 18 
12 37 43 14 82 36 93 82 45 0 15 7 99 44 46 37 24 8 81 40 75 7 2 46 62 38 44 98 31 17 40 39 
84 6 19 21 24 58 48 49 33 15 0 95 75 81 79 39 50 41 52 28 88 29 45 20 71 4 21 28 14 79 75 96 
65 1 50 97 63 94 71 65 6 7 95 0 61 56 46 24 100 66 7 94 79 43 89 24 56 77 74 1 77 59 70 38 
24 13 88 91 79 28 64 73 58 99 75 61 0 26 50 33 9 64 13 71 70 93 61 27 24 89 61 54 9 35 40 0 
84 70 8 37 78 36 73 38 10 44 81 56 26 0 18 3 58 49 83 25 47 85 78 32 62 29 45 19 46 30 4 1 
32 4 5 72 24 87 25 58 74 46 79 46 50 18 0 20 11 98 1 95 24 24 43 83 8 39 0 36 38 24 22 38 
53 94 36 22 56 10 4 11 75 37 39 24 33 3 20 0 48 93 55 73 65 36 97 37 51 40 55 8 47 86 70 44 
74 99 50 9 55 11 43 5 73 24 50 100 9 58 11 48 0 41 56 76 14 26 66 34 12 52 6 54 45 87 4 48 
98 36 76 48 68 14 41 73 74 8 41 66 64 49 98 93 41 0 46 50 94 10 77 23 52 62 69 88 69 3 1 13 
17 62 62 94 40 43 13 84 38 81 52 7 13 83 1 55 56 46 0 77 44 32 57 49 65 81 36 72 41 63 16 43 
7 71 21 42 52 9 67 32 4 40 28 94 71 25 95 73 76 50 77 0 40 60 69 93 60 93 75 15 52 28 66 31 
67 74 1 53 60 78 23 70 97 75 88 79 70 47 24 65 14 94 44 40 0 60 70 34 73 42 99 30 65 76 69 3 
19 36 98 30 32 17 40 73 81 7 29 43 93 85 24 36 26 10 32 60 60 0 10 67 71 70 42 28 66 76 63 13 
66 25 59 39 24 90 62 73 18 2 45 89 61 78 43 97 66 77 57 69 70 10 0 96 6 85 98 78 89 99 10 28 
15 14 82 70 22 43 41 91 54 46 20 24 27 32 83 37 34 23 49 93 34 67 96 0 79 90 21 31 56 74 99 84 
89 65 35 45 88 41 21 90 70 62 71 56 24 62 8 51 12 52 65 60 73 71 6 79 0 45 14 29 27 13 56 84 
96 95 92 13 85 32 1 94 16 38 4 77 89 29 39 40 52 62 81 93 42 70 85 90 45 0 94 43 51 28 32 71 
57 0 57 76 69 28 83 88 57 44 21 74 61 45 0 55 6 69 36 75 99 42 98 21 14 94 0 3 34 15 12 34 
83 44 84 82 58 4 66 91 29 98 28 1 54 19 36 8 54 88 72 15 30 28 78 31 29 43 3 0 43 80 27 85 
64 12 56 97 9 58 64 44 45 31 14 77 9 46 38 47 45 69 41 52 65 66 89 56 27 51 34 43 0 72 34 52 
24 1 11 12 92 56 71 4 4 17 79 59 35 30 24 86 87 3 63 28 76 76 99 74 13 28 15 80 72 0 16 93 
79 92 60 92 94 11 87 36 1 40 75 70 40 4 22 70 4 1 16 66 69 63 10 99 56 32 12 27 34 16 0 17 
64 6 60 5 4 59 66 8 18 39 96 38 0 1 38 44 48 13 43 31 3 13 28 84 84 71 34 85 52 93 17 0 
RBRRBRBBBBRBRRBBBRBRRRBBBRRBRRRB
