26
0 91 65 28 44 44 42 46 94 91 74 93 96 12 72 34 78 34 92 35 84 35 62 36 27 95 
91 0 76 86 17 59 62 45 5 53 49 59 30 98 70 65 28 19 69 44 29 85 27 49 69 96 
65 76 0 37 46 76 7 61 98 45 9 12 80 99 34 58 42 41 98 22 76 29 70 100 74 46 
28 86 37 0 96 20 52 99 45 54 83 18 36 93 89 93 62 9 13 19 1 69 20 85 27 82 
44 17 46 96 0 43 56 66 70 12 48 29 19 32 82 32 58 97 97 44 65 37 49 79 16 46 
44 59 76 20 43 0 28 23 97 26 78 76 79 96 65 21 11 90 13 86 92 45 71 71 81 44 
42 62 7 52 56 28 0 4 77 23 81 2 72 3 66 49 50 4 72 73 84 91 86 30 32 47 
46 45 61 99 66 23 4 0 88 56 96 70 32 76 16 13 36 21 65 44 35 47 17 53 6 28 
94 5 98 45 70 97 77 88 0 2 90 8 33 1 67 14 47 14 93 45 14 55 3 33 94 96 
91 53 45 54 12 26 23 56 2 0 75 79 29 69 55 42 15 61 76 16 12 25 63 8 82 51 
74 49 9 83 48 78 81 96 90 75 0 81 26 77 56 9 22 92 40 49 52 91 50 99 16 91 
93 59 12 18 29 76 2 70 8 79 81 0 56 62 98 82 81 81 69 91 7 16 60 37 4 70 
96 30 80 36 19 79 72 32 33 29 26 56 0 56 19 16 0 73 6 54 35 15 92 17 47 9 
12 98 99 93 32 96 3 76 1 69 77 62 56 0 22 8 80 78 25 55 69 81 19 70 21 100 
72 70 34 89 82 65 66 16 67 55 56 98 19 22 0 86 43 60 1 94 30 98 58 53 63 87 
34 65 58 93 32 21 49 13 14 42 9 82 16 8 86 0 89 3 21 71 40 33 4 47 56 49 
78 28 42 62 58 11 50 36 47 15 22 81 0 80 43 89 0 63 22 62 5 53 14 48 52 4 
34 19 41 9 97 90 4 21 14 61 92 81 73 78 60 3 63 0 8 7 72 42 97 79 8 88 
92 69 98 13 97 13 72 65 93 76 40 69 6 25 1 21 22 8 0 3 42 96 74 62 67 27 
35 44 22 19 44 86 73 44 45 16 49 91 54 55 94 71 62 7 3 0 57 19 68 26 7 95 
84 29 76 1 65 92 84 35 14 12 52 7 35 69 30 40 5 72 42 57 0 76 76 16 63 71 
35 85 29 69 37 45 91 47 55 25 91 16 15 81 98 33 53 42 96 19 76 0 52 52 42 97 
62 27 70 20 49 71 86 17 3 63 50 60 92 19 58 4 14 97 74 68 76 52 0 76 98 54 
36 49 100 85 79 71 30 53 33 8 99 37 17 70 53 47 48 79 62 26 16 52 76 0 69 59 
27 69 74 27 16 81 32 6 94 82 16 4 47 21 63 56 52 8 67 7 63 42 98 69 0 40 
95 96 46 82 46 44 47 28 96 51 91 70 9 100 87 49 4 88 27 95 71 97 54 59 40 0 
BBBRRRRRRRBRBBBBBRBRBRRBRB
