32
0 90 78 39 71 54 88 34 97 2 75 13 28 24 41 98 88 77 82 13 95 60 62 39 36 94 35 45 92 45 35 8 
90 0 72 84 11 43 30 48 3 100 93 12 48 24 79 28 86 37 40 39 2 82 58 41 81 16 62 17 14 11 4 46 
78 72 0 11 64 17 57 40 1 59 55 6 96 16 20 44 26 89 22 35 51 51 91 19 56 18 14 73 5 20 3 17 
39 84 11 0 56 43 53 33 47 55 72 2 67 54 73 18 47 66 3 37 1 65 28 16 82 35 84 32 36 6 55 7 
71 11 64 56 0 33 30 68 97 49 88 80 91 67 58 99 10 72 63 37 79 96 19 81 87 35 89 80 4 63 63 35 
54 43 17 43 33 0 48 8 61 42 36 47 84 80 53 68 61 35 96 36 37 49 71 0 17 2 32 50 92 22 90 72 
88 30 57 53 30 48 0 82 54 27 64 81 65 90 8 73 6 76 37 64 39 59 31 5 71 75 100 32 8 59 17 25 
34 48 40 33 68 8 82 0 16 52 13 99 75 77 1 76 97 52 4 71 55 12 43 97 73 1 78 3 28 48 87 1 
97 3 1 47 97 61 54 16 0 61 4 20 28 41 4 59 69 88 74 20 30 66 94 78 22 79 34 96 86 66 9 27 
2 100 59 55 49 42 27 52 61 0 15 99 15 23 96 9 64 66 14 50 14 89 49 17 91 12 57 4 7 73 52 45 
75 93 55 72 88 36 64 13 4 15 0 87 44 86 10 17 69 95 71 58 54 89 1 60 49 42 54 32 84 53 72 31 
13 12 6 2 80 47 81 99 20 99 87 0 44 14 6 55 11 68 80 98 75 28 70 34 0 14 6 6 85 59 17 75 
28 48 96 67 91 84 65 75 28 15 44 44 0 4 45 30 63 51 43 84 31 40 17 18 56 27 20 13 17 90 32 84 
24 24 16 54 67 80 90 77 41 23 86 14 4 0 30 17 12 15 3 74 0 49 30 78 73 96 17 33 75 20 6 28 
41 79 20 73 58 53 8 1 4 96 10 6 45 30 0 83 3 25 33 52 42 24 19 27 6 33 32 55 14 57 25 72 
98 28 44 18 99 68 73 76 59 9 17 55 30 17 83 0 12 45 98 36 85 20 21 44 90 8 78 85 23 62 96 37 
88 86 26 47 10 61 6 97 69 64 69 11 63 12 3 12 0 65 89 43 44 24 4 5 78 41 80 0 3 76 53 16 
77 37 89 66 72 35 76 52 88 66 95 68 51 15 25 45 65 0 59 41 78 96 10 0 61 61 16 63 13 29 51 23 
82 40 22 3 63 96 37 4 74 14 71 80 43 3 33 98 89 59 0 68 95 73 43 92 100 62 47 5 62 99 22 22 
13 39 35 37 37 36 64 71 20 50 58 98 84 74 52 36 43 41 68 0 35 86 82 33 38 32 3 73 96 75 72 100 
95 2 51 1 79 37 39 55 30 14 54 75 31 0 42 85 44 78 95 35 0 46 78 2 5 24 69 78 52 77 84 26 
60 82 51 65 96 49 59 12 66 89 89 28 40 49 24 20 24 96 73 86 46 0 13 33 15 16 20 75 25 70 70 21 
62 58 91 28 19 71 31 43 94 49 1 70 17 30 19 21 4 10 43 82 78 13 0 18 28 46 38 7 70 96 80 17 
39 41 19 16 81 0 5 97 78 17 60 34 18 78 27 44 5 0 92 33 2 33 18 0 15 96 86 23 81 22 51 97 
36 81 56 82 87 17 71 73 22 91 49 0 56 73 6 90 78 61 100 38 5 15 28 15 0 24 63 90 40 68 4 82 
94 16 18 35 35 2 75 1 79 12 42 14 27 96 33 8 41 61 62 32 24 16 46 96 24 0 23 30 58 56 60 51 
35 62 14 84 89 32 100 78 34 57 54 6 20 17 32 78 80 16 47 3 69 20 38 86 63 23 0 10 7 96 63 98 
45 17 73 32 80 50 32 3 96 4 32 6 13 33 55 85 0 63 5 73 78 75 7 23 90 30 10 0 51 24 59 1 
92 14 5 36 4 92 8 28 86 7 84 85 17 75 14 23 3 13 62 96 52 25 70 81 40 58 7 51 0 3 93 16 
45 11 20 6 63 22 59 48 66 73 53 59 90 20 57 62 76 29 99 75 77 70 96 22 68 56 96 24 3 0 64 45 
35 4 3 55 63 90 17 87 9 52 72 17 32 6 25 96 53 51 22 72 84 70 80 51 4 60 63 59 93 64 0 55 
8 46 17 7 35 72 25 1 27 45 31 75 84 28 72 37 16 23 22 100 26 21 17 97 82 51 98 1 16 45 55 0 
RBRBRRBRRBRBBBRBBBRRBBRRBBRBRRBR
