24
0 65 24 26 30 0 89 3 27 39 67 56 32 46 32 79 79 62 25 67 61 54 94 28 
65 0 13 81 26 23 55 86 23 2 58 98 29 40 63 2 50 49 65 30 86 53 66 21 
24 13 0 69 59 32 7 79 67 84 4 25 86 37 21 83 97 73 8 98 76 69 52 52 
26 81 69 0 27 74 80 7 90 10 56 29 52 89 25 24 48 44 21 65 24 53 18 52 
30 26 59 27 0 64 9 21 65 97 67 69 22 33 90 85 65 84 1 55 37 74 5 85 
0 23 32 74 64 0 29 36 17 98 15 99 25 6 94 12 48 61 7 52 78 76 85 42 
89 55 7 80 9 29 0 70 24 28 82 56 67 27 17 99 8 97 66 28 44 100 53 63 
3 86 79 7 21 36 70 0 88 84 4 67 18 38 80 37 37 76 12 78 78 66 18 96 
27 23 67 90 65 17 24 88 0 17 17 13 8 53 100 89 34 2 22 15 18 83 13 88 
39 2 84 10 97 98 28 84 17 0 16 8 89 30 78 9 46 46 29 47 44 82 11 24 
67 58 4 56 67 15 82 4 17 16 0 79 87 29 60 27 3 96 0 96 80 1 37 8 
56 98 25 29 69 99 56 67 13 8 79 0 14 33 8 27 12 9 71 38 96 23 12 55 
32 29 86 52 22 25 67 18 8 89 87 14 0 94 14 3 13 61 71 42 39 71 5 90 
46 40 37 89 33 6 27 38 53 30 29 33 94 0 61 24 75 76 70 9 1 68 0 93 
32 63 21 25 90 94 17 80 100 78 60 8 14 61 0 51 29 60 63 42 64 97 63 70 
79 2 83 24 85 12 99 37 89 9 27 27 3 24 51 0 5 74 68 10 47 13 57 60 
79 50 97 48 65 48 8 37 34 46 3 12 13 75 29 5 0 98 7 61 56 14 60 92 
62 49 73 44 84 61 97 76 2 46 96 9 61 76 60 74 98 0 74 47 31 9 85 19 
25 65 8 21 1 7 66 12 22 29 0 71 71 70 63 68 7 74 0 22 65 56 27 25 
67 30 98 65 55 52 28 78 15 47 96 38 42 9 42 10 61 47 22 0 93 50 52 92 
61 86 76 24 37 78 44 78 18 44 80 96 39 1 64 47 56 31 65 93 0 55 66 42 
54 53 69 53 74 76 100 66 83 82 1 23 71 68 97 13 14 9 56 50 55 0 63 6 
94 66 52 18 5 85 53 18 13 11 37 12 5 0 63 57 60 85 27 52 66 63 0 45 
28 21 52 52 85 42 63 96 88 24 8 55 90 93 70 60 92 19 25 92 42 6 45 0 
RBRRRBRBBBRBRRRRBBBBBRRB
