18
0 86 75 71 57 6 50 40 37 67 17 15 20 32 24 60 74 55 
86 0 85 75 63 94 14 3 84 64 94 68 17 51 95 21 81 38 
75 85 0 74 85 70 59 84 4 57 25 56 33 8 53 82 47 53 
71 75 74 0 78 48 12 99 95 18 7 20 100 13 72 11 83 32 
57 63 85 78 0 72 45 5 60 40 65 69 23 28 18 84 51 6 
6 94 70 48 72 0 65 32 72 63 80 56 13 37 96 8 34 15 
50 14 59 12 45 65 0 79 56 84 82 56 67 37 90 92 52 69 
40 3 84 99 5 32 79 0 57 63 75 72 40 79 46 12 90 4 
37 84 4 95 60 72 56 57 0 23 37 20 51 44 3 7 20 9 
67 64 57 18 40 63 84 63 23 0 56 18 45 7 95 81 44 42 
17 94 25 7 65 80 82 75 37 56 0 64 57 47 73 41 28 35 
15 68 56 20 69 56 56 72 20 18 64 0 89 57 57 6 58 72 
20 17 33 100 23 13 67 40 51 45 57 89 0 61 41 9 93 100 
32 51 8 13 28 37 37 79 44 7 47 57 61 0 2 78 95 59 
24 95 53 72 18 96 90 46 3 95 73 57 41 2 0 30 94 49 
60 21 82 11 84 8 92 12 7 81 41 6 9 78 30 0 82 52 
74 81 47 83 51 34 52 90 20 44 28 58 93 95 94 82 0 54 
55 38 53 32 6 15 69 4 9 42 35 72 100 59 49 52 54 0 
BBRRBRRBRRBRRRBBBB
