20
0 15 71 33 24 14 95 31 10 68 54 99 64 14 87 38 99 11 99 78 
15 0 93 43 93 54 63 76 73 37 40 74 46 61 75 77 57 30 77 25 
71 93 0 13 31 40 46 25 68 87 70 5 70 12 89 72 83 84 58 49 
33 43 13 0 90 22 29 89 60 13 10 35 33 12 41 54 54 43 13 15 
24 93 31 90 0 56 18 81 40 33 45 36 24 79 44 67 60 31 5 80 
14 54 40 22 56 0 45 69 89 18 65 13 40 62 19 97 8 73 15 47 
95 63 46 29 18 45 0 29 23 66 9 43 63 17 33 96 38 4 43 83 
31 76 25 89 81 69 29 0 41 87 7 31 29 78 22 31 87 46 61 45 
10 73 68 60 40 89 23 41 0 50 5 65 95 79 68 13 92 13 78 45 
68 37 87 13 33 18 66 87 50 0 21 86 38 47 14 90 56 100 91 63 
54 40 70 10 45 65 9 7 5 21 0 62 58 50 17 16 46 89 4 16 
99 74 5 35 36 13 43 31 65 86 62 0 25 16 89 80 58 82 38 42 
64 46 70 33 24 40 63 29 95 38 58 25 0 65 51 41 44 0 60 70 
14 61 12 12 79 62 17 78 79 47 50 16 65 0 44 40 79 14 49 9 
87 75 89 41 44 19 33 22 68 14 17 89 51 44 0 13 17 47 27 15 
38 77 72 54 67 97 96 31 13 90 16 80 41 40 13 0 23 82 25 43 
99 57 83 54 60 8 38 87 92 56 46 58 44 79 17 23 0 46 47 2 
11 30 84 43 31 73 4 46 13 100 89 82 0 14 47 82 46 0 33 88 
99 77 58 13 5 15 43 61 78 91 4 38 60 49 27 25 47 33 0 41 
78 25 49 15 80 47 83 45 45 63 16 42 70 9 15 43 2 88 41 0 
BBBBRRBRBBBRBRRRRRBR
