24
0 10 48 95 56 25 24 21 54 49 75 37 97 86 19 95 72 34 29 68 47 68 66 74 
10 0 2 65 21 28 47 64 27 97 19 78 26 80 32 57 25 33 17 6 85 8 63 39 
48 2 0 17 39 52 73 61 5 23 92 30 82 31 33 76 28 10 85 22 32 92 16 5 
95 65 17 0 62 72 70 93 71 29 54 51 83 47 22 52 27 87 11 13 82 16 3 81 
56 21 39 62 0 5 69 11 21 47 74 98 1 42 7 86 79 30 17 15 80 52 25 12 
25 28 52 72 5 0 24 95 95 64 28 25 97 26 44 85 47 92 90 17 27 86 4 38 
24 47 73 70 69 24 0 98 76 49 83 54 5 6 19 28 92 44 24 25 19 37 98 71 
21 64 61 93 11 95 98 0 21 20 88 31 72 14 33 51 4 60 5 86 12 57 95 48 
54 27 5 71 21 95 76 21 0 31 39 86 70 69 28 46 57 88 92 81 41 88 30 55 
49 97 23 29 47 64 49 20 31 0 87 48 2 14 91 72 7 35 56 1 59 16 86 9 
75 19 92 54 74 28 83 88 39 87 0 8 99 80 26 94 22 73 0 40 32 69 77 24 
37 78 30 51 98 25 54 31 86 48 8 0 17 28 60 75 94 54 7 76 12 63 97 8 
97 26 82 83 1 97 5 72 70 2 99 17 0 55 77 98 99 53 83 94 87 62 28 0 
86 80 31 47 42 26 6 14 69 14 80 28 55 0 79 16 88 77 73 13 35 10 22 31 
19 32 33 22 7 44 19 33 28 91 26 60 77 79 0 5 8 38 93 60 96 46 65 20 
95 57 76 52 86 85 28 51 46 72 94 75 98 16 5 0 79 41 14 74 45 44 85 99 
72 25 28 27 79 47 92 4 57 7 22 94 99 88 8 79 0 60 76 81 3 15 49 67 
34 33 10 87 30 92 44 60 88 35 73 54 53 77 38 41 60 0 2 65 33 67 38 43 
29 17 85 11 17 90 24 5 92 56 0 7 83 73 93 14 76 2 0 46 31 2 32 78 
68 6 22 13 15 17 25 86 81 1 40 76 94 13 60 74 81 65 46 0 23 66 40 95 
47 85 32 82 80 27 19 12 41 59 32 12 87 35 96 45 3 33 31 23 0 46 54 92 
68 8 92 16 52 86 37 57 88 16 69 63 62 10 46 44 15 67 2 66 46 0 43 2 
66 63 16 3 25 4 98 95 30 86 77 97 28 22 65 85 49 38 32 40 54 43 0 28 
74 39 5 81 12 38 71 48 55 9 24 8 0 31 20 99 67 43 78 95 92 2 28 0 
RRBBBBBBRRBRRBRRRBBBRBRR
