16
0 45 87 63 64 1 31 100 91 58 65 3 73 39 29 15 
45 0 14 65 21 36 81 49 49 95 2 32 54 78 91 68 
87 14 0 36 49 49 38 83 8 60 41 63 48 57 56 52 
63 65 36 0 63 37 29 72 16 6 34 74 11 18 16 75 
64 21 49 63 0 89 32 10 9 6 48 89 22 21 59 40 
1 36 49 37 89 0 5 57 93 82 23 52 46 33 50 97 
31 81 38 29 32 5 0 82 8 79 10 0 53 94 15 25 
100 49 83 72 10 57 82 0 76 83 88 46 16 71 68 82 
91 49 8 16 9 93 8 76 0 23 99 39 92 30 10 93 
58 95 60 6 6 82 79 83 23 0 7 42 89 88 40 75 
65 2 41 34 48 23 10 88 99 7 0 55 77 99 20 37 
3 32 63 74 89 52 0 46 39 42 55 0 67 57 23 49 
73 54 48 11 22 46 53 16 92 89 77 67 0 88 38 66 
39 78 57 18 21 33 94 71 30 88 99 57 88 0 54 30 
29 91 56 16 59 50 15 68 10 40 20 23 38 54 0 9 
15 68 52 75 40 97 25 82 93 75 37 49 66 30 9 0 
BBRRBBRRBRRRBBRB
