32
0 67 22 9 26 68 26 98 46 8 40 89 55 17 34 23 43 41 1 96 100 24 53 65 52 52 90 54 86 46 16 17 
67 0 19 26 84 11 11 28 26 40 25 40 39 71 98 99 11 94 36 40 25 54 11 43 73 13 45 63 56 4 5 33 
22 19 0 60 43 3 91 0 81 5 31 64 60 34 14 1 87 36 38 7 80 85 81 15 92 8 12 44 62 73 65 72 
9 26 60 0 80 73 90 0 99 86 13 62 39 65 46 74 52 72 83 99 15 64 90 29 57 85 11 84 55 97 50 55 
26 84 43 80 0 6 13 81 59 61 76 53 85 33 71 5 95 93 31 17 67 88 60 93 26 4 74 22 20 53 67 98 
68 11 3 73 6 0 94 12 49 5 90 10 94 100 81 44 17 23 96 93 11 13 33 79 40 63 43 99 4 24 45 69 
26 11 91 90 13 94 0 22 45 83 17 47 2 48 98 38 67 70 5 50 81 35 51 50 48 10 89 11 86 79 78 47 
98 28 0 0 81 12 22 0 96 51 67 38 59 0 17 52 39 32 65 7 32 15 81 98 15 89 68 16 12 7 100 64 
46 26 81 99 59 49 45 96 0 98 77 24 79 49 1 2 49 20 35 72 32 24 51 88 27 39 57 56 53 54 20 41 
8 40 5 86 61 5 83 51 98 0 10 19 26 84 17 12 17 82 71 34 1 69 14 29 82 19 70 78 0 73 22 45 
40 25 31 13 76 90 17 67 77 10 0 70 63 48 94 4 66 67 24 61 91 41 91 16 35 73 6 2 6 2 75 23 
89 40 64 62 53 10 47 38 24 19 70 0 67 39 69 66 65 93 78 48 72 74 44 22 10 81 36 38 71 53 41 68 
55 39 60 39 85 94 2 59 79 26 63 67 0 36 80 19 25 88 71 19 23 96 73 29 31 93 89 37 19 90 1 58 
17 71 34 65 33 100 48 0 49 84 48 39 36 0 59 46 0 30 35 28 40 3 14 67 45 2 95 32 73 41 74 25 
34 98 14 46 71 81 98 17 1 17 94 69 80 59 0 11 89 100 33 79 89 45 42 79 22 55 42 73 85 47 34 66 
23 99 1 74 5 44 38 52 2 12 4 66 19 46 11 0 42 97 46 5 47 61 73 22 78 16 4 9 3 58 85 84 
43 11 87 52 95 17 67 39 49 17 66 65 25 0 89 42 0 7 14 73 46 32 21 49 30 95 42 57 94 12 55 39 
41 94 36 72 93 23 70 32 20 82 67 93 88 30 100 97 7 0 75 42 47 66 64 24 23 97 29 66 66 19 58 30 
1 36 38 83 31 96 5 65 35 71 24 78 71 35 33 46 14 75 0 66 92 34 71 24 75 33 56 18 55 93 82 66 
96 40 7 99 17 93 50 7 72 34 61 48 19 28 79 5 73 42 66 0 100 80 29 86 57 70 34 98 46 71 10 1 
100 25 80 15 67 11 81 32 32 1 91 72 23 40 89 47 46 47 92 100 0 43 80 18 9 32 70 67 89 1 72 37 
24 54 85 64 88 13 35 15 24 69 41 74 96 3 45 61 32 66 34 80 43 0 90 19 37 40 0 97 54 99 100 9 
53 11 81 90 60 33 51 81 51 14 91 44 73 14 42 73 21 64 71 29 80 90 0 22 31 84 95 60 63 39 84 30 
65 43 15 29 93 79 50 98 88 29 16 22 29 67 79 22 49 24 24 86 18 19 22 0 34 15 3 28 87 65 30 36 
52 73 92 57 26 40 48 15 27 82 35 10 31 45 22 78 30 23 75 57 9 37 31 34 0 64 98 7 35 75 53 29 
52 13 8 85 4 63 10 89 39 19 73 81 93 2 55 16 95 97 33 70 32 40 84 15 64 0 92 9 88 34 12 77 
90 45 12 11 74 43 89 68 57 70 6 36 89 95 42 4 42 29 56 34 70 0 95 3 98 92 0 83 14 70 17 83 
54 63 44 84 22 99 11 16 56 78 2 38 37 32 73 9 57 66 18 98 67 97 60 28 7 9 83 0 55 33 74 48 
86 56 62 55 20 4 86 12 53 0 6 71 19 73 85 3 94 66 55 46 89 54 63 87 35 88 14 55 0 65 14 78 
46 4 73 97 53 24 79 7 54 73 2 53 90 41 47 58 12 19 93 71 1 99 39 65 75 34 70 33 65 0 66 37 
16 5 65 50 67 45 78 100 20 22 75 41 1 74 34 85 55 58 82 10 72 100 84 30 53 12 17 74 14 66 0 81 
17 33 72 55 98 69 47 64 41 45 23 68 58 25 66 84 39 30 66 1 37 9 30 36 29 77 83 48 78 37 81 0 
RBBRBRBBBBRBRBRBBBRRBRBBRRRRRBRR
