28
0 63 31 25 19 31 60 59 100 28 63 2 87 12 45 27 29 23 22 67 25 53 39 34 28 74 87 73 
63 0 71 30 73 47 68 38 96 54 21 66 81 13 23 45 91 87 82 55 8 37 48 50 16 49 28 15 
31 71 0 7 1 37 63 90 73 91 11 46 47 87 97 81 47 42 19 59 64 15 94 14 60 15 31 9 
25 30 7 0 82 53 94 96 95 30 70 2 31 63 88 82 82 66 37 71 4 76 30 13 62 78 74 82 
19 73 1 82 0 95 50 45 17 77 64 99 9 25 6 53 24 60 65 69 99 59 40 66 67 99 70 59 
31 47 37 53 95 0 54 48 56 89 23 58 60 95 51 0 30 66 96 31 33 1 23 99 71 45 60 91 
60 68 63 94 50 54 0 94 63 61 95 89 12 14 87 28 78 96 60 74 57 94 98 98 10 11 81 70 
59 38 90 96 45 48 94 0 16 31 27 13 42 100 22 53 27 98 64 99 25 10 14 84 87 6 28 93 
100 96 73 95 17 56 63 16 0 48 9 8 77 7 91 57 98 74 47 57 14 34 32 45 66 51 20 64 
28 54 91 30 77 89 61 31 48 0 50 96 91 12 76 56 44 63 73 76 93 37 45 41 18 32 72 63 
63 21 11 70 64 23 95 27 9 50 0 16 32 3 89 9 59 97 3 56 82 82 25 55 24 76 88 1 
2 66 46 2 99 58 89 13 8 96 16 0 76 0 6 52 28 21 54 29 14 45 58 11 63 57 68 89 
87 81 47 31 9 60 12 42 77 91 32 76 0 89 4 64 66 81 71 64 35 54 68 66 7 3 19 21 
12 13 87 63 25 95 14 100 7 12 3 0 89 0 45 69 64 34 19 82 2 22 36 83 82 4 49 2 
45 23 97 88 6 51 87 22 91 76 89 6 4 45 0 95 19 88 78 51 92 18 64 36 2 97 89 53 
27 45 81 82 53 0 28 53 57 56 9 52 64 69 95 0 15 97 43 82 55 39 56 28 48 81 86 58 
29 91 47 82 24 30 78 27 98 44 59 28 66 64 19 15 0 71 85 51 61 78 11 43 29 84 40 63 
23 87 42 66 60 66 96 98 74 63 97 21 81 34 88 97 71 0 29 93 23 8 23 31 41 63 4 42 
22 82 19 37 65 96 60 64 47 73 3 54 71 19 78 43 85 29 0 32 43 11 99 72 1 53 26 32 
67 55 59 71 69 31 74 99 57 76 56 29 64 82 51 82 51 93 32 0 31 32 63 47 57 78 68 54 
25 8 64 4 99 33 57 25 14 93 82 14 35 2 92 55 61 23 43 31 0 84 39 39 65 10 19 18 
53 37 15 76 59 1 94 10 34 37 82 45 54 22 18 39 78 8 11 32 84 0 65 18 31 71 71 10 
39 48 94 30 40 23 98 14 32 45 25 58 68 36 64 56 11 23 99 63 39 65 0 17 27 49 98 58 
34 50 14 13 66 99 98 84 45 41 55 11 66 83 36 28 43 31 72 47 39 18 17 0 43 42 9 4 
28 16 60 62 67 71 10 87 66 18 24 63 7 82 2 48 29 41 1 57 65 31 27 43 0 18 57 12 
74 49 15 78 99 45 11 6 51 32 76 57 3 4 97 81 84 63 53 78 10 71 49 42 18 0 91 93 
87 28 31 74 70 60 81 28 20 72 88 68 19 49 89 86 40 4 26 68 19 71 98 9 57 91 0 70 
73 15 9 82 59 91 70 93 64 63 1 89 21 2 53 58 63 42 32 54 18 10 58 4 12 93 70 0 
BBBBRBBRBBRBRRBRRRBRBRBRRBRR
