28
0 60 90 69 22 26 36 18 93 75 7 11 67 22 72 36 29 36 40 48 90 97 59 38 56 88 4 59 
60 0 41 38 84 56 33 33 83 3 77 33 32 67 43 37 83 9 52 58 30 48 80 32 6 52 30 49 
90 41 0 5 46 39 22 87 19 11 92 89 80 62 40 28 7 89 27 53 96 8 14 13 50 70 68 40 
69 38 5 0 50 19 59 71 91 21 50 74 75 29 99 72 68 76 72 59 5 67 25 53 83 52 20 17 
22 84 46 50 0 11 55 37 61 20 14 5 89 30 51 30 6 79 28 5 100 23 7 32 51 39 50 9 
26 56 39 19 11 0 72 60 1 63 76 100 94 9 12 47 76 26 33 88 64 81 23 82 31 62 94 28 
36 33 22 59 55 72 0 56 78 82 30 32 54 9 8 85 69 22 97 93 46 80 64 90 20 15 86 62 
18 33 87 71 37 60 56 0 31 57 88 39 63 79 42 48 73 75 47 46 5 2 78 78 20 1 20 39 
93 83 19 91 61 1 78 31 0 74 63 50 23 75 99 73 51 77 11 100 69 23 50 67 48 39 31 78 
75 3 11 21 20 63 82 57 74 0 59 80 57 84 66 16 63 7 30 58 74 7 39 8 69 91 87 3 
7 77 92 50 14 76 30 88 63 59 0 23 29 94 47 13 44 52 4 62 70 27 9 55 85 57 9 56 
11 33 89 74 5 100 32 39 50 80 23 0 26 43 84 2 23 22 49 15 51 50 12 65 72 82 92 58 
67 32 80 75 89 94 54 63 23 57 29 26 0 50 69 82 42 93 78 97 78 10 25 3 81 29 94 31 
22 67 62 29 30 9 9 79 75 84 94 43 50 0 41 40 91 96 79 16 62 83 64 36 98 26 76 72 
72 43 40 99 51 12 8 42 99 66 47 84 69 41 0 91 64 2 56 0 40 86 75 90 69 3 58 80 
36 37 28 72 30 47 85 48 73 16 13 2 82 40 91 0 72 12 38 100 22 16 31 14 49 3 70 36 
29 83 7 68 6 76 69 73 51 63 44 23 42 91 64 72 0 58 4 63 90 1 92 36 51 55 42 30 
36 9 89 76 79 26 22 75 77 7 52 22 93 96 2 12 58 0 16 52 36 51 5 6 41 68 95 39 
40 52 27 72 28 33 97 47 11 30 4 49 78 79 56 38 4 16 0 93 86 57 8 88 7 70 0 28 
48 58 53 59 5 88 93 46 100 58 62 15 97 16 0 100 63 52 93 0 56 99 1 52 90 75 3 17 
90 30 96 5 100 64 46 5 69 74 70 51 78 62 40 22 90 36 86 56 0 21 61 63 5 14 1 32 
97 48 8 67 23 81 80 2 23 7 27 50 10 83 86 16 1 51 57 99 21 0 22 74 35 47 13 39 
59 80 14 25 7 23 64 78 50 39 9 12 25 64 75 31 92 5 8 1 61 22 0 46 90 42 9 76 
38 32 13 53 32 82 90 78 67 8 55 65 3 36 90 14 36 6 88 52 63 74 46 0 95 48 51 79 
56 6 50 83 51 31 20 20 48 69 85 72 81 98 69 49 51 41 7 90 5 35 90 95 0 21 18 49 
88 52 70 52 39 62 15 1 39 91 57 82 29 26 3 3 55 68 70 75 14 47 42 48 21 0 5 59 
4 30 68 20 50 94 86 20 31 87 9 92 94 76 58 70 42 95 0 3 1 13 9 51 18 5 0 38 
59 49 40 17 9 28 62 39 78 3 56 58 31 72 80 36 30 39 28 17 32 39 76 79 49 59 38 0 
RBBBRRRBRRRRBBBBBBBBBRRBRRRR
