22
0 13 94 28 73 74 6 63 74 53 58 55 8 5 58 19 55 93 64 56 78 9 
13 0 62 23 98 70 49 44 13 71 25 56 73 71 75 80 93 45 69 80 18 42 
94 62 0 85 61 6 19 18 42 67 34 32 26 80 7 86 74 50 65 6 38 24 
28 23 85 0 24 15 69 3 29 28 40 57 21 24 83 40 36 25 20 36 80 45 
73 98 61 24 0 73 30 76 30 34 26 56 80 26 91 31 96 33 79 24 39 95 
74 70 6 15 73 0 81 43 19 2 71 77 59 34 55 69 38 41 34 52 34 80 
6 49 19 69 30 81 0 87 41 57 3 59 1 98 68 85 83 75 48 21 86 54 
63 44 18 3 76 43 87 0 68 81 6 83 65 71 44 42 53 87 95 24 76 37 
74 13 42 29 30 19 41 68 0 50 50 7 24 48 42 57 4 52 76 36 70 25 
53 71 67 28 34 2 57 81 50 0 1 76 62 33 38 86 70 52 93 10 86 74 
58 25 34 40 26 71 3 6 50 1 0 86 92 33 20 35 26 0 93 7 11 86 
55 56 32 57 56 77 59 83 7 76 86 0 18 26 78 45 72 50 68 98 76 93 
8 73 26 21 80 59 1 65 24 62 92 18 0 26 22 39 20 71 80 97 99 28 
5 71 80 24 26 34 98 71 48 33 33 26 26 0 81 51 54 68 55 50 93 17 
58 75 7 83 91 55 68 44 42 38 20 78 22 81 0 100 3 62 75 28 46 26 
19 80 86 40 31 69 85 42 57 86 35 45 39 51 100 0 89 78 67 16 77 7 
55 93 74 36 96 38 83 53 4 70 26 72 20 54 3 89 0 99 63 5 73 38 
93 45 50 25 33 41 75 87 52 52 0 50 71 68 62 78 99 0 69 44 59 34 
64 69 65 20 79 34 48 95 76 93 93 68 80 55 75 67 63 69 0 15 30 70 
56 80 6 36 24 52 21 24 36 10 7 98 97 50 28 16 5 44 15 0 26 60 
78 18 38 80 39 34 86 76 70 86 11 76 99 93 46 77 73 59 30 26 0 72 
9 42 24 45 95 80 54 37 25 74 86 93 28 17 26 7 38 34 70 60 72 0 
BRRBBRRRBBRBBRRBBBRBRR
