16
0 73 96 33 90 0 79 36 78 21 7 7 85 15 54 41 
73 0 58 93 66 90 92 92 36 12 0 17 36 56 45 45 
96 58 0 16 37 31 68 27 69 89 1 85 76 84 48 64 
33 93 16 0 78 74 62 39 34 2 15 15 23 55 66 58 
90 66 37 78 0 60 82 32 92 9 82 29 49 49 7 35 
0 90 31 74 60 0 65 88 76 37 4 0 1 22 87 45 
79 92 68 62 82 65 0 84 59 13 6 9 41 69 88 63 
36 92 27 39 32 88 84 0 48 33 18 11 96 59 60 12 
78 36 69 34 92 76 59 48 0 38 87 9 93 32 45 4 
21 12 89 2 9 37 13 33 38 0 7 13 51 95 80 84 
7 0 1 15 82 4 6 18 87 7 0 41 60 28 69 48 
7 17 85 15 29 0 9 11 9 13 41 0 15 85 96 30 
85 36 76 23 49 1 41 96 93 51 60 15 0 74 68 38 
15 56 84 55 49 22 69 59 32 95 28 85 74 0 59 17 
54 45 48 66 7 87 88 60 45 80 69 96 68 59 0 66 
41 45 64 58 35 45 63 12 4 84 48 30 38 17 66 0 
RRBBRRBBRRRBBBBR
