22
0 70 43 81 54 55 35 59 45 92 36 71 49 61 46 69 84 76 54 7 14 51 
70 0 84 32 43 0 59 1 49 61 89 72 90 54 4 51 11 13 97 5 30 98 
43 84 0 93 62 32 66 17 78 13 99 37 90 8 64 82 78 43 40 16 82 2 
81 32 93 0 32 72 34 2 95 55 41 53 89 30 61 74 91 73 3 27 69 83 
54 43 62 32 0 11 67 24 41 12 32 47 85 81 87 17 44 66 0 11 42 36 
55 0 32 72 11 0 37 19 60 85 89 61 58 83 63 29 74 44 18 22 15 9 
35 59 66 34 67 37 0 48 96 77 50 63 61 88 100 52 52 20 24 33 7 2 
59 1 17 2 24 19 48 0 92 69 12 97 22 75 14 15 49 12 47 67 18 99 
45 49 78 95 41 60 96 92 0 47 10 18 23 6 10 67 8 24 63 11 67 28 
92 61 13 55 12 85 77 69 47 0 15 99 33 37 67 22 67 22 94 16 51 23 
36 89 99 41 32 89 50 12 10 15 0 25 35 95 1 96 63 25 34 35 2 65 
71 72 37 53 47 61 63 97 18 99 25 0 80 15 14 65 7 26 39 41 80 29 
49 90 90 89 85 58 61 22 23 33 35 80 0 89 42 71 17 27 48 81 22 20 
61 54 8 30 81 83 88 75 6 37 95 15 89 0 80 49 21 42 69 41 27 64 
46 4 64 61 87 63 100 14 10 67 1 14 42 80 0 73 8 16 13 53 95 68 
69 51 82 74 17 29 52 15 67 22 96 65 71 49 73 0 86 25 55 91 32 32 
84 11 78 91 44 74 52 49 8 67 63 7 17 21 8 86 0 19 23 69 61 49 
76 13 43 73 66 44 20 12 24 22 25 26 27 42 16 25 19 0 66 15 30 24 
54 97 40 3 0 18 24 47 63 94 34 39 48 69 13 55 23 66 0 11 33 100 
7 5 16 27 11 22 33 67 11 16 35 41 81 41 53 91 69 15 11 0 79 47 
14 30 82 69 42 15 7 18 67 51 2 80 22 27 95 32 61 30 33 79 0 68 
51 98 2 83 36 9 2 99 28 23 65 29 20 64 68 32 49 24 100 47 68 0 
RRBRRBRBRBRRBBBRRBBBBR
