18
0 5 39 69 65 7 83 54 33 76 58 6 90 28 92 8 37 48 
5 0 79 30 3 44 76 92 88 86 28 22 85 66 12 12 83 24 
39 79 0 69 51 48 19 42 88 45 29 94 4 77 17 43 61 86 
69 30 69 0 26 55 71 75 2 87 58 62 81 4 7 14 76 63 
65 3 51 26 0 92 72 33 26 11 55 26 70 77 50 69 3 9 
7 44 48 55 92 0 21 50 39 28 44 62 84 43 17 66 2 2 
83 76 19 71 72 21 0 100 11 26 79 82 35 21 84 43 2 35 
54 92 42 75 33 50 100 0 28 23 5 42 34 98 18 56 83 39 
33 88 88 2 26 39 11 28 0 34 32 28 68 10 84 31 36 66 
76 86 45 87 11 28 26 23 34 0 65 55 71 22 14 24 43 59 
58 28 29 58 55 44 79 5 32 65 0 60 37 5 15 14 37 19 
6 22 94 62 26 62 82 42 28 55 60 0 5 8 8 22 46 92 
90 85 4 81 70 84 35 34 68 71 37 5 0 51 69 12 40 20 
28 66 77 4 77 43 21 98 10 22 5 8 51 0 14 40 20 76 
92 12 17 7 50 17 84 18 84 14 15 8 69 14 0 9 75 60 
8 12 43 14 69 66 43 56 31 24 14 22 12 40 9 0 55 59 
37 83 61 76 3 2 2 83 36 43 37 46 40 20 75 55 0 0 
48 24 86 63 9 2 35 39 66 59 19 92 20 76 60 59 0 0 
RBBBBRRRBRRBBRRRBB
