26
0 97 79 54 100 88 24 48 78 91 36 97 21 33 97 7 88 21 40 71 91 83 49 82 74 43 
97 0 10 13 98 63 36 53 66 22 67 83 23 84 43 18 69 39 51 61 77 23 89 51 40 85 
79 10 0 99 95 69 87 89 75 74 54 32 0 100 47 72 5 27 58 26 81 55 31 80 16 66 
54 13 99 0 47 0 67 67 97 88 5 17 56 82 70 70 100 26 23 61 82 61 60 82 63 72 
100 98 95 47 0 73 43 92 42 59 90 21 51 5 23 98 34 81 54 48 89 78 65 5 100 82 
88 63 69 0 73 0 40 39 70 49 97 20 38 57 9 70 59 55 18 73 12 48 54 39 60 84 
24 36 87 67 43 40 0 57 57 92 88 29 79 90 26 80 29 45 0 3 46 65 57 23 34 54 
48 53 89 67 92 39 57 0 74 75 47 16 71 82 64 38 43 81 84 11 92 100 80 22 93 82 
78 66 75 97 42 70 57 74 0 4 49 87 63 65 70 14 24 12 10 71 63 41 81 25 57 29 
91 22 74 88 59 49 92 75 4 0 49 25 94 72 84 19 30 24 74 94 47 6 92 57 88 3 
36 67 54 5 90 97 88 47 49 49 0 10 80 58 2 3 5 52 30 76 99 88 24 54 31 84 
97 83 32 17 21 20 29 16 87 25 10 0 25 86 59 93 4 95 95 71 26 78 23 9 3 28 
21 23 0 56 51 38 79 71 63 94 80 25 0 36 75 22 24 95 7 8 45 87 26 11 99 34 
33 84 100 82 5 57 90 82 65 72 58 86 36 0 7 28 83 67 65 69 58 43 93 77 46 38 
97 43 47 70 23 9 26 64 70 84 2 59 75 7 0 5 8 85 3 51 26 85 93 36 95 70 
7 18 72 70 98 70 80 38 14 19 3 93 22 28 5 0 88 93 16 61 6 10 1 43 75 16 
88 69 5 100 34 59 29 43 24 30 5 4 24 83 8 88 0 59 55 47 61 56 97 3 22 48 
21 39 27 26 81 55 45 81 12 24 52 95 95 67 85 93 59 0 82 58 27 28 49 18 38 55 
40 51 58 23 54 18 0 84 10 74 30 95 7 65 3 16 55 82 0 68 90 62 76 92 42 41 
71 61 26 61 48 73 3 11 71 94 76 71 8 69 51 61 47 58 68 0 49 48 60 88 84 74 
91 77 81 82 89 12 46 92 63 47 99 26 45 58 26 6 61 27 90 49 0 9 24 15 64 91 
83 23 55 61 78 48 65 100 41 6 88 78 87 43 85 10 56 28 62 48 9 0 30 96 46 19 
49 89 31 60 65 54 57 80 81 92 24 23 26 93 93 1 97 49 76 60 24 30 0 96 3 61 
82 51 80 82 5 39 23 22 25 57 54 9 11 77 36 43 3 18 92 88 15 96 96 0 6 45 
74 40 16 63 100 60 34 93 57 88 31 3 99 46 95 75 22 38 42 84 64 46 3 6 0 46 
43 85 66 72 82 84 54 82 29 3 84 28 34 38 70 16 48 55 41 74 91 19 61 45 46 0 
RRBBBRRBRBRBBBRRBBRRBBRBRR
