32
0 24 50 70 21 51 65 81 58 7 57 41 88 24 88 36 31 26 50 10 2 66 4 17 81 86 72 37 35 22 0 97 
24 0 88 53 65 21 71 77 92 46 2 25 54 60 71 46 71 51 66 12 12 35 76 81 64 3 80 44 58 54 26 48 
50 88 0 11 68 40 85 96 90 36 63 86 34 41 36 10 98 46 88 2 99 37 57 87 8 62 13 16 60 40 78 58 
70 53 11 0 39 12 10 97 68 12 66 43 100 43 74 29 17 80 51 27 93 45 10 76 96 88 87 40 69 62 86 52 
21 65 68 39 0 75 7 36 100 75 82 50 4 67 69 45 9 59 77 30 58 35 10 93 89 81 68 67 34 68 53 3 
51 21 40 12 75 0 18 73 84 20 26 31 72 66 37 53 43 37 31 2 61 62 88 57 56 82 8 13 23 87 2 44 
65 71 85 10 7 18 0 12 76 78 95 32 20 10 30 86 83 12 73 39 21 47 25 3 93 69 87 40 83 98 99 33 
81 77 96 97 36 73 12 0 58 70 74 30 3 11 40 62 85 41 53 78 76 57 45 82 65 28 35 58 100 38 35 11 
58 92 90 68 100 84 76 58 0 97 71 4 49 88 13 33 54 55 11 79 98 44 1 35 34 95 52 32 12 53 21 18 
7 46 36 12 75 20 78 70 97 0 20 77 82 58 77 87 91 36 91 26 43 43 26 96 67 10 39 50 74 9 74 26 
57 2 63 66 82 26 95 74 71 20 0 53 36 6 100 91 87 82 82 77 62 8 37 83 48 4 68 99 90 60 83 76 
41 25 86 43 50 31 32 30 4 77 53 0 93 65 89 75 32 17 52 47 11 15 31 92 7 83 2 29 24 12 51 77 
88 54 34 100 4 72 20 3 49 82 36 93 0 4 47 83 87 24 9 56 72 68 81 48 14 50 30 88 62 47 77 77 
24 60 41 43 67 66 10 11 88 58 6 65 4 0 60 87 12 52 84 40 7 63 95 50 27 68 95 92 65 73 83 99 
88 71 36 74 69 37 30 40 13 77 100 89 47 60 0 10 65 78 67 34 59 14 58 68 92 41 50 73 68 18 38 60 
36 46 10 29 45 53 86 62 33 87 91 75 83 87 10 0 90 9 33 86 0 64 27 76 21 41 46 79 17 2 90 58 
31 71 98 17 9 43 83 85 54 91 87 32 87 12 65 90 0 23 43 67 39 43 56 30 93 8 82 35 7 94 24 57 
26 51 46 80 59 37 12 41 55 36 82 17 24 52 78 9 23 0 2 50 33 5 22 2 18 72 100 100 28 21 88 99 
50 66 88 51 77 31 73 53 11 91 82 52 9 84 67 33 43 2 0 98 91 25 13 33 68 87 13 63 42 89 74 89 
10 12 2 27 30 2 39 78 79 26 77 47 56 40 34 86 67 50 98 0 65 26 82 27 1 5 12 56 10 74 95 61 
2 12 99 93 58 61 21 76 98 43 62 11 72 7 59 0 39 33 91 65 0 52 11 68 62 20 60 93 66 97 81 70 
66 35 37 45 35 62 47 57 44 43 8 15 68 63 14 64 43 5 25 26 52 0 75 8 35 11 69 43 34 75 51 69 
4 76 57 10 10 88 25 45 1 26 37 31 81 95 58 27 56 22 13 82 11 75 0 10 80 62 85 59 62 9 53 19 
17 81 87 76 93 57 3 82 35 96 83 92 48 50 68 76 30 2 33 27 68 8 10 0 42 60 15 0 81 69 70 84 
81 64 8 96 89 56 93 65 34 67 48 7 14 27 92 21 93 18 68 1 62 35 80 42 0 36 73 71 24 16 10 92 
86 3 62 88 81 82 69 28 95 10 4 83 50 68 41 41 8 72 87 5 20 11 62 60 36 0 68 47 52 9 73 39 
72 80 13 87 68 8 87 35 52 39 68 2 30 95 50 46 82 100 13 12 60 69 85 15 73 68 0 58 85 45 52 85 
37 44 16 40 67 13 40 58 32 50 99 29 88 92 73 79 35 100 63 56 93 43 59 0 71 47 58 0 35 12 79 38 
35 58 60 69 34 23 83 100 12 74 90 24 62 65 68 17 7 28 42 10 66 34 62 81 24 52 85 35 0 22 42 2 
22 54 40 62 68 87 98 38 53 9 60 12 47 73 18 2 94 21 89 74 97 75 9 69 16 9 45 12 22 0 38 44 
0 26 78 86 53 2 99 35 21 74 83 51 77 83 38 90 24 88 74 95 81 51 53 70 10 73 52 79 42 38 0 69 
97 48 58 52 3 44 33 11 18 26 76 77 77 99 60 58 57 99 89 61 70 69 19 84 92 39 85 38 2 44 69 0 
BRRRBBRBBBBRRRRRRBBBBRBRRBRBRRBB
