24
0 42 15 82 70 44 2 38 2 61 37 57 100 37 37 17 18 31 28 83 15 48 82 66 
42 0 83 29 83 88 28 22 37 98 60 1 2 78 100 56 43 61 34 2 95 47 35 32 
15 83 0 45 75 8 35 49 22 87 32 39 2 5 22 99 6 75 80 51 62 9 97 93 
82 29 45 0 31 16 43 31 92 36 63 94 65 76 59 71 42 78 73 52 45 43 91 22 
70 83 75 31 0 53 47 24 99 9 8 28 0 93 52 52 15 93 15 68 61 90 51 75 
44 88 8 16 53 0 29 30 38 14 41 26 71 12 96 0 14 51 67 55 9 17 74 92 
2 28 35 43 47 29 0 13 7 75 33 48 24 10 20 5 20 38 70 93 4 91 68 70 
38 22 49 31 24 30 13 0 77 14 13 90 66 53 29 87 89 29 100 40 10 7 29 59 
2 37 22 92 99 38 7 77 0 10 73 74 70 98 26 36 8 48 79 61 48 58 60 60 
61 98 87 36 9 14 75 14 10 0 76 44 1 9 84 24 9 47 14 91 15 28 34 18 
37 60 32 63 8 41 33 13 73 76 0 79 19 66 2 34 51 49 39 20 33 13 87 13 
57 1 39 94 28 26 48 90 74 44 79 0 10 98 7 17 64 42 52 35 15 15 16 65 
100 2 2 65 0 71 24 66 70 1 19 10 0 32 83 69 42 49 42 4 60 55 45 2 
37 78 5 76 93 12 10 53 98 9 66 98 32 0 45 72 84 19 56 44 69 2 77 18 
37 100 22 59 52 96 20 29 26 84 2 7 83 45 0 77 87 82 24 28 44 32 97 21 
17 56 99 71 52 0 5 87 36 24 34 17 69 72 77 0 65 30 75 58 56 98 62 32 
18 43 6 42 15 14 20 89 8 9 51 64 42 84 87 65 0 38 76 14 26 88 14 9 
31 61 75 78 93 51 38 29 48 47 49 42 49 19 82 30 38 0 57 46 66 67 64 48 
28 34 80 73 15 67 70 100 79 14 39 52 42 56 24 75 76 57 0 4 18 19 60 26 
83 2 51 52 68 55 93 40 61 91 20 35 4 44 28 58 14 46 4 0 60 34 73 78 
15 95 62 45 61 9 4 10 48 15 33 15 60 69 44 56 26 66 18 60 0 30 1 30 
48 47 9 43 90 17 91 7 58 28 13 15 55 2 32 98 88 67 19 34 30 0 39 65 
82 35 97 91 51 74 68 29 60 34 87 16 45 77 97 62 14 64 60 73 1 39 0 5 
66 32 93 22 75 92 70 59 60 18 13 65 2 18 21 32 9 48 26 78 30 65 5 0 
BRRRBBRRBRBBBRBRBBRRBRBR
