16
0 97 61 55 7 83 73 41 100 24 89 36 6 28 78 11 
97 0 75 3 48 41 21 32 15 40 84 5 80 84 76 67 
61 75 0 76 4 38 71 50 55 93 73 55 25 71 2 46 
55 3 76 0 56 45 59 58 98 74 24 49 49 77 19 2 
7 48 4 56 0 57 56 73 93 45 27 37 85 14 27 48 
83 41 38 45 57 0 23 81 49 45 46 92 34 79 54 69 
73 21 71 59 56 23 0 91 18 87 27 4 34 100 49 36 
41 32 50 58 73 81 91 0 28 6 45 18 19 77 88 2 
100 15 55 98 93 49 18 28 0 52 40 82 25 2 96 56 
24 40 93 74 45 45 87 6 52 0 49 20 2 84 70 21 
89 84 73 24 27 46 27 45 40 49 0 98 5 43 61 79 
36 5 55 49 37 92 4 18 82 20 98 0 73 46 2 92 
6 80 25 49 85 34 34 19 25 2 5 73 0 75 67 71 
28 84 71 77 14 79 100 77 2 84 43 46 75 0 87 87 
78 76 2 19 27 54 49 88 96 70 61 2 67 87 0 65 
11 67 46 2 48 69 36 2 56 21 79 92 71 87 65 0 
RRRBBBBRBBRBRRRB
