28
0 11 62 68 62 63 50 100 9 40 35 32 88 90 61 28 75 9 25 79 38 34 34 36 53 38 48 6 
11 0 34 92 15 79 58 87 57 36 89 21 2 2 94 61 57 28 54 79 67 7 39 42 72 43 1 68 
62 34 0 100 15 43 71 44 11 32 81 9 52 6 15 56 39 51 35 84 45 78 76 7 97 60 52 47 
68 92 100 0 63 37 79 40 45 40 57 93 25 75 59 15 6 23 27 6 36 65 42 93 47 74 50 56 
62 15 15 63 0 65 49 12 91 31 70 95 70 52 69 40 12 39 82 21 49 10 26 92 6 4 65 49 
63 79 43 37 65 0 67 60 18 66 20 84 3 40 79 64 99 10 45 63 8 58 46 32 35 55 73 94 
50 58 71 79 49 67 0 80 66 35 6 63 78 100 5 74 41 88 95 45 6 34 45 56 59 51 63 53 
100 87 44 40 12 60 80 0 31 19 61 30 37 82 92 40 66 65 34 14 74 92 79 37 16 2 1 38 
9 57 11 45 91 18 66 31 0 0 31 6 9 23 53 99 65 47 91 10 75 18 43 20 11 64 88 93 
40 36 32 40 31 66 35 19 0 0 70 9 23 77 77 22 73 96 57 39 62 33 38 41 18 89 18 38 
35 89 81 57 70 20 6 61 31 70 0 54 8 87 60 45 48 38 45 98 18 20 5 45 55 18 8 22 
32 21 9 93 95 84 63 30 6 9 54 0 0 23 52 60 96 6 42 74 74 24 94 73 46 88 89 83 
88 2 52 25 70 3 78 37 9 23 8 0 0 44 67 27 71 94 78 59 3 62 14 39 37 65 86 67 
90 2 6 75 52 40 100 82 23 77 87 23 44 0 84 93 56 49 26 37 45 61 25 52 27 37 1 3 
61 94 15 59 69 79 5 92 53 77 60 52 67 84 0 59 18 3 47 68 30 22 100 50 93 50 75 32 
28 61 56 15 40 64 74 40 99 22 45 60 27 93 59 0 68 39 64 41 30 91 4 54 84 47 81 23 
75 57 39 6 12 99 41 66 65 73 48 96 71 56 18 68 0 18 12 8 78 71 71 93 60 38 90 40 
9 28 51 23 39 10 88 65 47 96 38 6 94 49 3 39 18 0 12 100 3 54 33 22 37 73 70 17 
25 54 35 27 82 45 95 34 91 57 45 42 78 26 47 64 12 12 0 30 94 67 62 72 20 26 65 100 
79 79 84 6 21 63 45 14 10 39 98 74 59 37 68 41 8 100 30 0 65 9 38 36 38 14 97 70 
38 67 45 36 49 8 6 74 75 62 18 74 3 45 30 30 78 3 94 65 0 8 48 50 99 5 85 0 
34 7 78 65 10 58 34 92 18 33 20 24 62 61 22 91 71 54 67 9 8 0 30 91 33 77 86 64 
34 39 76 42 26 46 45 79 43 38 5 94 14 25 100 4 71 33 62 38 48 30 0 78 28 30 49 0 
36 42 7 93 92 32 56 37 20 41 45 73 39 52 50 54 93 22 72 36 50 91 78 0 91 21 49 55 
53 72 97 47 6 35 59 16 11 18 55 46 37 27 93 84 60 37 20 38 99 33 28 91 0 100 92 54 
38 43 60 74 4 55 51 2 64 89 18 88 65 37 50 47 38 73 26 14 5 77 30 21 100 0 97 69 
48 1 52 50 65 73 63 1 88 18 8 89 86 1 75 81 90 70 65 97 85 86 49 49 92 97 0 4 
6 68 47 56 49 94 53 38 93 38 22 83 67 3 32 23 40 17 100 70 0 64 0 55 54 69 4 0 
RBBBRBBRRRRBRBBRRRBBBRBRRRBB
