22
0 63 17 97 82 52 58 17 24 63 43 75 89 32 43 39 5 23 38 100 59 52 
63 0 63 62 23 45 64 9 68 64 19 59 65 77 37 34 34 26 65 52 11 74 
17 63 0 80 31 63 32 48 55 28 82 41 45 20 15 51 85 31 45 71 0 20 
97 62 80 0 87 100 48 9 15 56 40 46 90 40 22 94 48 67 31 71 28 67 
82 23 31 87 0 60 34 47 56 58 31 91 55 49 19 7 56 89 72 40 99 93 
52 45 63 100 60 0 0 24 38 46 76 34 70 89 2 51 8 34 27 13 8 64 
58 64 32 48 34 0 0 25 32 59 70 80 21 96 26 55 72 65 83 75 7 96 
17 9 48 9 47 24 25 0 19 24 73 12 65 80 19 4 53 32 69 53 65 31 
24 68 55 15 56 38 32 19 0 5 77 28 78 13 72 4 34 17 46 10 36 64 
63 64 28 56 58 46 59 24 5 0 45 65 46 25 34 62 27 88 23 76 52 51 
43 19 82 40 31 76 70 73 77 45 0 88 67 91 7 89 22 80 58 17 21 92 
75 59 41 46 91 34 80 12 28 65 88 0 7 78 29 84 87 49 29 72 22 42 
89 65 45 90 55 70 21 65 78 46 67 7 0 1 99 66 49 82 96 22 62 95 
32 77 20 40 49 89 96 80 13 25 91 78 1 0 91 23 6 52 89 56 96 43 
43 37 15 22 19 2 26 19 72 34 7 29 99 91 0 59 60 34 9 34 46 47 
39 34 51 94 7 51 55 4 4 62 89 84 66 23 59 0 83 22 39 93 84 49 
5 34 85 48 56 8 72 53 34 27 22 87 49 6 60 83 0 76 72 7 89 54 
23 26 31 67 89 34 65 32 17 88 80 49 82 52 34 22 76 0 65 48 10 100 
38 65 45 31 72 27 83 69 46 23 58 29 96 89 9 39 72 65 0 9 70 4 
100 52 71 71 40 13 75 53 10 76 17 72 22 56 34 93 7 48 9 0 44 23 
59 11 0 28 99 8 7 65 36 52 21 22 62 96 46 84 89 10 70 44 0 98 
52 74 20 67 93 64 96 31 64 51 92 42 95 43 47 49 54 100 4 23 98 0 
BRBBRRBBRBBBRRRBBBRRRR
