24
0 99 79 71 74 9 35 50 60 57 90 18 92 95 99 92 52 86 7 10 13 41 83 73 
99 0 20 8 20 91 34 61 7 5 1 50 32 58 86 7 97 0 22 73 65 90 11 85 
79 20 0 45 2 74 10 40 21 98 60 23 75 8 24 17 6 10 19 93 83 21 33 45 
71 8 45 0 70 43 47 88 10 20 26 12 50 69 59 49 39 99 84 87 16 28 78 73 
74 20 2 70 0 12 93 99 46 18 39 94 63 92 37 91 91 45 29 93 51 85 8 67 
9 91 74 43 12 0 10 30 85 4 69 66 36 3 43 70 61 23 31 63 37 47 80 0 
35 34 10 47 93 10 0 71 9 83 87 27 22 94 79 16 97 26 31 45 68 28 97 22 
50 61 40 88 99 30 71 0 100 98 0 33 9 87 57 8 98 32 35 35 77 96 56 33 
60 7 21 10 46 85 9 100 0 43 12 26 93 81 75 96 3 32 3 42 34 16 21 93 
57 5 98 20 18 4 83 98 43 0 28 56 87 71 35 51 35 28 38 81 60 72 51 5 
90 1 60 26 39 69 87 0 12 28 0 76 37 2 43 71 5 31 75 21 32 93 82 32 
18 50 23 12 94 66 27 33 26 56 76 0 20 32 16 68 76 66 65 88 56 26 3 26 
92 32 75 50 63 36 22 9 93 87 37 20 0 74 1 98 98 14 73 23 76 28 44 78 
95 58 8 69 92 3 94 87 81 71 2 32 74 0 92 80 70 42 19 100 71 97 26 6 
99 86 24 59 37 43 79 57 75 35 43 16 1 92 0 2 60 5 0 42 30 72 61 32 
92 7 17 49 91 70 16 8 96 51 71 68 98 80 2 0 2 57 53 46 69 86 80 53 
52 97 6 39 91 61 97 98 3 35 5 76 98 70 60 2 0 17 1 96 60 35 37 70 
86 0 10 99 45 23 26 32 32 28 31 66 14 42 5 57 17 0 76 72 55 62 75 0 
7 22 19 84 29 31 31 35 3 38 75 65 73 19 0 53 1 76 0 18 70 69 92 90 
10 73 93 87 93 63 45 35 42 81 21 88 23 100 42 46 96 72 18 0 94 12 67 89 
13 65 83 16 51 37 68 77 34 60 32 56 76 71 30 69 60 55 70 94 0 7 75 1 
41 90 21 28 85 47 28 96 16 72 93 26 28 97 72 86 35 62 69 12 7 0 25 76 
83 11 33 78 8 80 97 56 21 51 82 3 44 26 61 80 37 75 92 67 75 25 0 33 
73 85 45 73 67 0 22 33 93 5 32 26 78 6 32 53 70 0 90 89 1 76 33 0 
RBBBRRBRBBRRBRBRRBRBRBRB
