30
0 60 4 76 64 100 85 94 12 4 38 31 75 5 90 60 55 39 99 5 91 26 89 70 23 31 54 20 99 74 
60 0 17 31 29 92 65 80 74 100 88 63 97 67 23 76 38 8 48 16 15 30 35 20 76 19 91 56 32 66 
4 17 0 73 80 20 33 33 30 7 8 23 97 62 44 77 2 79 92 59 61 96 92 38 52 58 30 16 78 2 
76 31 73 0 21 14 56 60 91 2 30 90 79 69 32 9 34 76 6 46 92 50 100 95 76 47 26 70 85 26 
64 29 80 21 0 85 93 46 62 77 71 51 83 50 20 9 30 33 12 80 64 97 9 78 85 21 73 64 92 70 
100 92 20 14 85 0 55 99 49 81 8 69 36 60 10 5 63 15 87 10 70 8 7 1 37 98 28 5 86 22 
85 65 33 56 93 55 0 89 73 77 33 68 64 38 59 29 18 0 20 52 76 73 15 100 10 43 27 31 28 79 
94 80 33 60 46 99 89 0 65 55 31 46 41 54 67 65 44 88 20 35 34 83 51 18 95 39 58 99 68 84 
12 74 30 91 62 49 73 65 0 86 4 2 40 88 31 98 96 63 53 10 31 63 16 90 79 64 0 85 16 67 
4 100 7 2 77 81 77 55 86 0 93 22 71 96 27 41 22 7 72 24 94 86 19 15 31 41 23 79 32 44 
38 88 8 30 71 8 33 31 4 93 0 33 70 74 7 83 90 3 43 86 39 33 100 91 4 34 57 69 83 50 
31 63 23 90 51 69 68 46 2 22 33 0 56 46 32 78 99 36 24 46 89 66 58 8 81 27 57 31 98 2 
75 97 97 79 83 36 64 41 40 71 70 56 0 38 71 23 87 67 23 3 17 53 25 75 47 77 69 55 57 10 
5 67 62 69 50 60 38 54 88 96 74 46 38 0 17 32 54 20 9 29 24 14 13 32 4 19 68 3 98 39 
90 23 44 32 20 10 59 67 31 27 7 32 71 17 0 50 78 57 35 47 19 64 94 48 1 64 22 31 68 45 
60 76 77 9 9 5 29 65 98 41 83 78 23 32 50 0 51 33 32 35 72 29 51 5 55 99 53 49 57 39 
55 38 2 34 30 63 18 44 96 22 90 99 87 54 78 51 0 9 4 17 40 14 40 0 11 70 29 11 4 2 
39 8 79 76 33 15 0 88 63 7 3 36 67 20 57 33 9 0 45 12 70 49 80 94 29 26 64 70 40 38 
99 48 92 6 12 87 20 20 53 72 43 24 23 9 35 32 4 45 0 58 44 60 32 28 58 91 52 52 31 18 
5 16 59 46 80 10 52 35 10 24 86 46 3 29 47 35 17 12 58 0 10 56 87 47 100 20 51 77 83 39 
91 15 61 92 64 70 76 34 31 94 39 89 17 24 19 72 40 70 44 10 0 10 66 78 97 23 8 22 71 96 
26 30 96 50 97 8 73 83 63 86 33 66 53 14 64 29 14 49 60 56 10 0 94 61 41 5 25 28 21 31 
89 35 92 100 9 7 15 51 16 19 100 58 25 13 94 51 40 80 32 87 66 94 0 49 29 93 6 73 92 96 
70 20 38 95 78 1 100 18 90 15 91 8 75 32 48 5 0 94 28 47 78 61 49 0 75 21 30 4 88 9 
23 76 52 76 85 37 10 95 79 31 4 81 47 4 1 55 11 29 58 100 97 41 29 75 0 97 80 68 84 68 
31 19 58 47 21 98 43 39 64 41 34 27 77 19 64 99 70 26 91 20 23 5 93 21 97 0 13 54 90 71 
54 91 30 26 73 28 27 58 0 23 57 57 69 68 22 53 29 64 52 51 8 25 6 30 80 13 0 78 55 65 
20 56 16 70 64 5 31 99 85 79 69 31 55 3 31 49 11 70 52 77 22 28 73 4 68 54 78 0 29 94 
99 32 78 85 92 86 28 68 16 32 83 98 57 98 68 57 4 40 31 83 71 21 92 88 84 90 55 29 0 76 
74 66 2 26 70 22 79 84 67 44 50 2 10 39 45 39 2 38 18 39 96 31 96 9 68 71 65 94 76 0 
BBRBBRBRRRRBBBRRRRRRBBRBBBRBBR
