28
0 7 8 33 76 91 89 16 80 49 34 1 54 91 77 87 24 24 82 40 22 55 72 89 62 95 40 6 
7 0 15 100 54 12 50 63 97 17 63 41 17 36 78 70 77 58 41 8 34 37 55 77 11 18 82 74 
8 15 0 21 49 60 29 51 87 87 56 14 27 36 44 25 28 40 17 72 31 68 43 5 26 73 95 3 
33 100 21 0 53 40 20 18 13 79 33 93 1 74 88 91 62 14 8 17 37 68 70 20 12 28 98 73 
76 54 49 53 0 100 60 46 93 4 33 89 0 83 93 26 76 10 30 8 81 83 15 84 52 0 81 97 
91 12 60 40 100 0 98 29 27 30 97 19 92 50 0 51 84 74 7 87 39 73 12 1 99 2 100 45 
89 50 29 20 60 98 0 41 95 68 34 83 84 62 19 48 64 13 5 42 62 93 21 72 93 12 26 55 
16 63 51 18 46 29 41 0 28 5 90 48 97 3 19 49 74 85 93 99 48 40 17 42 96 71 13 60 
80 97 87 13 93 27 95 28 0 18 4 93 9 20 49 28 66 81 64 25 8 12 5 15 59 64 42 97 
49 17 87 79 4 30 68 5 18 0 97 8 78 23 77 76 17 26 55 3 63 40 56 22 89 13 91 85 
34 63 56 33 33 97 34 90 4 97 0 95 68 17 85 11 11 56 8 65 40 5 91 85 67 3 22 49 
1 41 14 93 89 19 83 48 93 8 95 0 85 19 22 9 72 23 83 67 3 59 8 84 24 84 70 10 
54 17 27 1 0 92 84 97 9 78 68 85 0 39 49 85 9 97 14 45 28 15 32 95 24 63 96 86 
91 36 36 74 83 50 62 3 20 23 17 19 39 0 9 67 87 65 24 93 29 74 48 28 92 93 81 75 
77 78 44 88 93 0 19 19 49 77 85 22 49 9 0 90 82 55 15 29 41 54 8 89 36 37 72 51 
87 70 25 91 26 51 48 49 28 76 11 9 85 67 90 0 10 56 51 98 10 22 95 17 59 59 80 85 
24 77 28 62 76 84 64 74 66 17 11 72 9 87 82 10 0 18 53 45 41 31 55 33 93 54 22 44 
24 58 40 14 10 74 13 85 81 26 56 23 97 65 55 56 18 0 78 96 62 43 99 77 21 29 69 30 
82 41 17 8 30 7 5 93 64 55 8 83 14 24 15 51 53 78 0 31 55 87 82 1 30 27 10 70 
40 8 72 17 8 87 42 99 25 3 65 67 45 93 29 98 45 96 31 0 59 86 75 53 27 7 4 64 
22 34 31 37 81 39 62 48 8 63 40 3 28 29 41 10 41 62 55 59 0 54 37 96 97 57 27 67 
55 37 68 68 83 73 93 40 12 40 5 59 15 74 54 22 31 43 87 86 54 0 17 88 63 65 43 60 
72 55 43 70 15 12 21 17 5 56 91 8 32 48 8 95 55 99 82 75 37 17 0 11 21 98 38 18 
89 77 5 20 84 1 72 42 15 22 85 84 95 28 89 17 33 77 1 53 96 88 11 0 20 58 43 14 
62 11 26 12 52 99 93 96 59 89 67 24 24 92 36 59 93 21 30 27 97 63 21 20 0 9 53 38 
95 18 73 28 0 2 12 71 64 13 3 84 63 93 37 59 54 29 27 7 57 65 98 58 9 0 61 97 
40 82 95 98 81 100 26 13 42 91 22 70 96 81 72 80 22 69 10 4 27 43 38 43 53 61 0 63 
6 74 3 73 97 45 55 60 97 85 49 10 86 75 51 85 44 30 70 64 67 60 18 14 38 97 63 0 
RRBBRRRBRRRBBRBRBBBRBBBBRRBR
