24
0 37 94 66 96 85 61 9 71 21 18 35 85 31 95 37 95 77 66 30 23 59 85 83 
37 0 69 35 87 59 51 13 37 30 67 16 91 61 63 72 10 10 80 26 100 51 10 18 
94 69 0 68 6 82 67 66 85 25 95 12 87 10 73 51 99 93 53 98 55 46 21 92 
66 35 68 0 53 4 37 65 9 99 22 93 57 54 73 88 7 27 2 73 1 67 16 96 
96 87 6 53 0 92 65 78 28 84 36 24 85 66 7 51 28 58 79 92 73 64 23 35 
85 59 82 4 92 0 15 30 79 23 24 85 32 11 47 86 6 37 6 9 36 100 21 25 
61 51 67 37 65 15 0 33 93 70 44 89 10 55 36 99 67 79 55 43 29 68 48 41 
9 13 66 65 78 30 33 0 52 22 92 66 30 33 63 93 68 62 96 82 37 77 23 76 
71 37 85 9 28 79 93 52 0 2 74 7 43 55 6 76 54 15 98 42 8 50 100 10 
21 30 25 99 84 23 70 22 2 0 59 78 78 71 61 61 88 32 32 6 46 80 84 48 
18 67 95 22 36 24 44 92 74 59 0 55 47 30 3 10 11 91 63 81 70 55 40 73 
35 16 12 93 24 85 89 66 7 78 55 0 14 36 54 99 61 13 31 55 56 85 73 79 
85 91 87 57 85 32 10 30 43 78 47 14 0 9 2 51 5 16 35 84 49 54 75 80 
31 61 10 54 66 11 55 33 55 71 30 36 9 0 16 40 44 82 1 47 58 87 90 42 
95 63 73 73 7 47 36 63 6 61 3 54 2 16 0 86 76 46 77 30 93 18 95 42 
37 72 51 88 51 86 99 93 76 61 10 99 51 40 86 0 63 48 8 51 23 66 42 7 
95 10 99 7 28 6 67 68 54 88 11 61 5 44 76 63 0 55 85 59 79 47 18 72 
77 10 93 27 58 37 79 62 15 32 91 13 16 82 46 48 55 0 99 11 38 20 9 14 
66 80 53 2 79 6 55 96 98 32 63 31 35 1 77 8 85 99 0 26 29 59 39 57 
30 26 98 73 92 9 43 82 42 6 81 55 84 47 30 51 59 11 26 0 79 9 17 18 
23 100 55 1 73 36 29 37 8 46 70 56 49 58 93 23 79 38 29 79 0 28 21 71 
59 51 46 67 64 100 68 77 50 80 55 85 54 87 18 66 47 20 59 9 28 0 33 47 
85 10 21 16 23 21 48 23 100 84 40 73 75 90 95 42 18 9 39 17 21 33 0 43 
83 18 92 96 35 25 41 76 10 48 73 79 80 42 42 7 72 14 57 18 71 47 43 0 
BRRBBBRRRBBRBRBBRBBRBRRR
