26
0 65 44 31 85 58 74 90 25 24 45 75 90 39 95 0 59 86 12 69 63 10 50 38 45 56 
65 0 51 20 18 94 88 94 39 23 43 40 27 78 81 19 27 50 2 40 85 43 16 46 98 87 
44 51 0 72 88 48 57 19 97 44 78 24 42 53 45 44 85 66 97 81 47 97 24 39 0 73 
31 20 72 0 66 20 100 44 57 10 44 88 13 88 4 99 75 13 87 82 29 67 63 10 44 37 
85 18 88 66 0 61 50 21 31 57 61 82 62 78 96 59 21 59 82 42 15 64 25 5 21 89 
58 94 48 20 61 0 86 68 46 64 98 20 71 3 38 92 5 16 19 27 93 69 10 21 98 65 
74 88 57 100 50 86 0 30 22 33 50 48 24 44 3 13 25 41 61 11 50 20 25 91 64 5 
90 94 19 44 21 68 30 0 31 85 87 39 42 86 52 51 47 64 20 89 37 39 98 77 37 55 
25 39 97 57 31 46 22 31 0 13 7 37 68 25 2 34 18 6 92 42 3 80 51 81 42 72 
24 23 44 10 57 64 33 85 13 0 17 51 48 51 40 13 58 75 5 45 80 15 14 2 36 76 
45 43 78 44 61 98 50 87 7 17 0 80 64 89 39 86 44 47 68 14 27 38 65 82 50 69 
75 40 24 88 82 20 48 39 37 51 80 0 87 60 11 86 12 60 84 5 48 46 83 59 58 79 
90 27 42 13 62 71 24 42 68 48 64 87 0 77 66 9 14 86 85 75 87 19 14 77 35 61 
39 78 53 88 78 3 44 86 25 51 89 60 77 0 50 74 46 40 47 82 65 66 30 17 44 12 
95 81 45 4 96 38 3 52 2 40 39 11 66 50 0 60 8 72 94 39 14 12 12 27 72 4 
0 19 44 99 59 92 13 51 34 13 86 86 9 74 60 0 100 42 78 19 59 77 87 37 59 64 
59 27 85 75 21 5 25 47 18 58 44 12 14 46 8 100 0 16 35 89 53 66 30 78 100 67 
86 50 66 13 59 16 41 64 6 75 47 60 86 40 72 42 16 0 100 65 64 0 80 23 38 26 
12 2 97 87 82 19 61 20 92 5 68 84 85 47 94 78 35 100 0 69 55 95 82 78 94 36 
69 40 81 82 42 27 11 89 42 45 14 5 75 82 39 19 89 65 69 0 76 30 64 42 61 85 
63 85 47 29 15 93 50 37 3 80 27 48 87 65 14 59 53 64 55 76 0 11 45 41 43 11 
10 43 97 67 64 69 20 39 80 15 38 46 19 66 12 77 66 0 95 30 11 0 72 96 12 37 
50 16 24 63 25 10 25 98 51 14 65 83 14 30 12 87 30 80 82 64 45 72 0 91 90 72 
38 46 39 10 5 21 91 77 81 2 82 59 77 17 27 37 78 23 78 42 41 96 91 0 71 94 
45 98 0 44 21 98 64 37 42 36 50 58 35 44 72 59 100 38 94 61 43 12 90 71 0 73 
56 87 73 37 89 65 5 55 72 76 69 79 61 12 4 64 67 26 36 85 11 37 72 94 73 0 
BRRRBRBBRRRBRBBRBBBBRRRBBR
