24
0 19 48 45 12 42 46 22 70 64 95 50 61 70 12 42 74 64 78 69 17 31 8 49 
19 0 32 61 15 47 18 29 14 54 91 4 66 44 10 42 54 81 3 26 56 61 85 45 
48 32 0 3 85 21 95 28 59 21 20 22 14 43 31 65 12 72 78 24 4 4 26 1 
45 61 3 0 65 26 35 76 3 70 40 2 52 25 51 53 11 64 47 81 93 52 27 75 
12 15 85 65 0 56 49 49 32 60 46 84 12 58 21 14 70 20 82 97 59 13 71 5 
42 47 21 26 56 0 30 100 35 63 9 33 57 7 73 36 30 4 31 68 30 94 65 58 
46 18 95 35 49 30 0 72 76 2 22 94 5 94 89 13 71 91 33 68 17 58 44 93 
22 29 28 76 49 100 72 0 82 78 50 20 74 76 0 54 54 55 7 62 48 87 24 24 
70 14 59 3 32 35 76 82 0 92 77 20 1 17 52 34 11 0 91 53 23 99 71 93 
64 54 21 70 60 63 2 78 92 0 53 78 0 95 96 91 88 73 43 1 48 15 11 96 
95 91 20 40 46 9 22 50 77 53 0 63 72 64 25 54 32 65 40 94 22 21 54 85 
50 4 22 2 84 33 94 20 20 78 63 0 72 18 39 72 3 81 10 50 34 52 59 80 
61 66 14 52 12 57 5 74 1 0 72 72 0 80 52 75 55 63 21 76 90 11 94 23 
70 44 43 25 58 7 94 76 17 95 64 18 80 0 64 24 56 1 68 39 50 65 66 96 
12 10 31 51 21 73 89 0 52 96 25 39 52 64 0 88 49 51 4 60 22 2 62 18 
42 42 65 53 14 36 13 54 34 91 54 72 75 24 88 0 49 68 83 85 31 29 59 71 
74 54 12 11 70 30 71 54 11 88 32 3 55 56 49 49 0 21 30 72 56 60 67 32 
64 81 72 64 20 4 91 55 0 73 65 81 63 1 51 68 21 0 93 88 36 93 24 11 
78 3 78 47 82 31 33 7 91 43 40 10 21 68 4 83 30 93 0 74 6 15 23 97 
69 26 24 81 97 68 68 62 53 1 94 50 76 39 60 85 72 88 74 0 87 45 33 74 
17 56 4 93 59 30 17 48 23 48 22 34 90 50 22 31 56 36 6 87 0 31 61 9 
31 61 4 52 13 94 58 87 99 15 21 52 11 65 2 29 60 93 15 45 31 0 5 28 
8 85 26 27 71 65 44 24 71 11 54 59 94 66 62 59 67 24 23 33 61 5 0 46 
49 45 1 75 5 58 93 24 93 96 85 80 23 96 18 71 32 11 97 74 9 28 46 0 
BRRBRBBRRRRRBRBBRBBBBBRR
