22
0 23 52 0 55 30 49 82 97 38 40 64 88 97 46 42 97 10 17 19 83 63 
23 0 78 51 47 90 69 54 26 7 63 37 100 76 18 93 23 1 29 65 3 54 
52 78 0 23 47 83 43 13 61 3 70 65 59 36 4 86 85 57 62 73 7 38 
0 51 23 0 44 12 27 68 50 93 87 13 63 61 96 95 41 95 37 38 55 41 
55 47 47 44 0 73 15 13 73 46 71 73 36 56 14 83 97 97 62 90 43 29 
30 90 83 12 73 0 25 92 13 28 68 15 80 17 89 43 64 3 7 84 71 72 
49 69 43 27 15 25 0 62 72 7 92 20 33 0 8 19 22 9 58 66 29 80 
82 54 13 68 13 92 62 0 89 32 91 37 82 46 93 24 54 19 44 67 71 43 
97 26 61 50 73 13 72 89 0 3 65 74 94 93 93 45 30 63 23 37 90 23 
38 7 3 93 46 28 7 32 3 0 18 99 41 72 39 5 63 42 84 97 45 63 
40 63 70 87 71 68 92 91 65 18 0 67 51 60 32 77 31 8 49 58 65 36 
64 37 65 13 73 15 20 37 74 99 67 0 99 67 8 71 50 23 19 0 5 20 
88 100 59 63 36 80 33 82 94 41 51 99 0 57 88 53 71 87 70 20 58 6 
97 76 36 61 56 17 0 46 93 72 60 67 57 0 45 39 41 32 46 82 51 68 
46 18 4 96 14 89 8 93 93 39 32 8 88 45 0 99 77 100 66 78 100 63 
42 93 86 95 83 43 19 24 45 5 77 71 53 39 99 0 9 26 36 100 64 2 
97 23 85 41 97 64 22 54 30 63 31 50 71 41 77 9 0 56 75 21 96 21 
10 1 57 95 97 3 9 19 63 42 8 23 87 32 100 26 56 0 22 57 28 15 
17 29 62 37 62 7 58 44 23 84 49 19 70 46 66 36 75 22 0 70 2 37 
19 65 73 38 90 84 66 67 37 97 58 0 20 82 78 100 21 57 70 0 52 41 
83 3 7 55 43 71 29 71 90 45 65 5 58 51 100 64 96 28 2 52 0 75 
63 54 38 41 29 72 80 43 23 63 36 20 6 68 63 2 21 15 37 41 75 0 
RBBBBRRRRBBBRRRRRRBBBB
