16
0 83 95 81 29 23 47 26 55 99 48 1 5 76 66 55 
83 0 96 18 77 75 23 63 92 19 53 11 66 48 60 42 
95 96 0 45 27 89 33 35 31 80 1 58 54 99 0 82 
81 18 45 0 45 33 66 6 86 44 53 70 7 3 7 84 
29 77 27 45 0 53 61 84 31 8 99 29 63 86 88 70 
23 75 89 33 53 0 96 22 94 93 87 38 47 22 56 96 
47 23 33 66 61 96 0 51 72 20 66 84 84 25 89 68 
26 63 35 6 84 22 51 0 94 91 4 45 9 99 75 99 
55 92 31 86 31 94 72 94 0 51 45 13 91 95 71 8 
99 19 80 44 8 93 20 91 51 0 46 79 25 64 69 65 
48 53 1 53 99 87 66 4 45 46 0 24 75 70 79 28 
1 11 58 70 29 38 84 45 13 79 24 0 18 9 100 19 
5 66 54 7 63 47 84 9 91 25 75 18 0 7 59 59 
76 48 99 3 86 22 25 99 95 64 70 9 7 0 87 78 
66 60 0 7 88 56 89 75 71 69 79 100 59 87 0 68 
55 42 82 84 70 96 68 99 8 65 28 19 59 78 68 0 
RBBRRRRBBRBBBRBR
