22
0 56 32 92 22 26 21 59 31 13 30 23 64 70 42 52 2 63 99 39 70 77 
56 0 67 58 74 81 5 23 95 22 93 76 67 99 58 44 60 60 25 81 79 73 
32 67 0 32 36 61 80 24 35 26 6 34 21 3 67 83 80 27 54 16 42 1 
92 58 32 0 13 11 69 46 45 15 82 33 60 70 0 100 37 17 100 63 54 80 
22 74 36 13 0 31 43 53 98 96 22 78 78 11 37 62 76 22 42 0 39 42 
26 81 61 11 31 0 7 90 2 9 24 40 31 65 33 16 22 31 72 33 99 30 
21 5 80 69 43 7 0 37 97 38 31 4 37 82 75 22 16 43 12 65 19 21 
59 23 24 46 53 90 37 0 17 34 43 61 12 28 83 10 52 68 90 52 97 95 
31 95 35 45 98 2 97 17 0 4 66 83 7 46 55 20 79 89 68 64 49 83 
13 22 26 15 96 9 38 34 4 0 99 29 55 82 16 96 28 10 47 5 75 88 
30 93 6 82 22 24 31 43 66 99 0 2 94 43 3 82 48 62 8 69 44 37 
23 76 34 33 78 40 4 61 83 29 2 0 29 11 100 29 33 36 23 2 27 56 
64 67 21 60 78 31 37 12 7 55 94 29 0 99 17 52 94 89 75 5 72 17 
70 99 3 70 11 65 82 28 46 82 43 11 99 0 72 6 24 52 48 55 100 53 
42 58 67 0 37 33 75 83 55 16 3 100 17 72 0 87 59 24 48 77 20 25 
52 44 83 100 62 16 22 10 20 96 82 29 52 6 87 0 0 93 34 85 18 63 
2 60 80 37 76 22 16 52 79 28 48 33 94 24 59 0 0 69 58 100 71 44 
63 60 27 17 22 31 43 68 89 10 62 36 89 52 24 93 69 0 51 39 67 89 
99 25 54 100 42 72 12 90 68 47 8 23 75 48 48 34 58 51 0 33 42 34 
39 81 16 63 0 33 65 52 64 5 69 2 5 55 77 85 100 39 33 0 92 40 
70 79 42 54 39 99 19 97 49 75 44 27 72 100 20 18 71 67 42 92 0 48 
77 73 1 80 42 30 21 95 83 88 37 56 17 53 25 63 44 89 34 40 48 0 
BBBBRRBRRRBRRBBRRRBRBB
