26
0 20 65 26 29 7 10 40 19 50 75 77 15 46 9 53 91 8 98 90 26 9 7 12 62 39 
20 0 95 72 74 17 92 24 63 48 36 95 73 21 77 65 78 16 63 19 55 12 33 40 65 99 
65 95 0 24 3 32 96 27 70 46 33 78 41 97 84 73 50 10 37 4 2 97 96 15 28 89 
26 72 24 0 44 27 95 36 3 42 71 52 97 58 50 18 58 1 5 79 2 37 89 78 48 29 
29 74 3 44 0 32 15 99 92 79 69 39 29 13 86 89 68 52 67 51 23 2 45 31 75 65 
7 17 32 27 32 0 77 84 62 55 39 32 50 74 15 82 75 65 84 56 6 24 19 26 13 77 
10 92 96 95 15 77 0 76 67 70 70 55 40 55 0 9 84 91 91 42 47 26 2 75 75 58 
40 24 27 36 99 84 76 0 59 28 20 45 27 97 19 41 3 95 5 4 51 83 66 83 52 71 
19 63 70 3 92 62 67 59 0 26 91 88 80 26 29 29 67 73 74 23 31 87 73 66 79 32 
50 48 46 42 79 55 70 28 26 0 8 59 52 23 23 88 19 93 45 86 58 70 59 59 18 26 
75 36 33 71 69 39 70 20 91 8 0 30 66 70 70 93 78 67 47 84 29 5 73 87 34 65 
77 95 78 52 39 32 55 45 88 59 30 0 19 34 87 76 15 10 57 22 94 61 87 35 51 73 
15 73 41 97 29 50 40 27 80 52 66 19 0 0 55 56 49 80 91 52 67 96 49 48 30 46 
46 21 97 58 13 74 55 97 26 23 70 34 0 0 87 9 93 65 57 95 0 67 22 31 46 81 
9 77 84 50 86 15 0 19 29 23 70 87 55 87 0 24 6 86 41 76 91 93 31 44 34 68 
53 65 73 18 89 82 9 41 29 88 93 76 56 9 24 0 1 86 91 60 52 96 19 7 98 39 
91 78 50 58 68 75 84 3 67 19 78 15 49 93 6 1 0 33 96 79 28 6 16 6 95 100 
8 16 10 1 52 65 91 95 73 93 67 10 80 65 86 86 33 0 63 100 72 37 49 71 14 82 
98 63 37 5 67 84 91 5 74 45 47 57 91 57 41 91 96 63 0 36 51 4 38 83 97 6 
90 19 4 79 51 56 42 4 23 86 84 22 52 95 76 60 79 100 36 0 54 49 80 75 66 55 
26 55 2 2 23 6 47 51 31 58 29 94 67 0 91 52 28 72 51 54 0 11 42 62 18 52 
9 12 97 37 2 24 26 83 87 70 5 61 96 67 93 96 6 37 4 49 11 0 73 95 35 56 
7 33 96 89 45 19 2 66 73 59 73 87 49 22 31 19 16 49 38 80 42 73 0 81 42 15 
12 40 15 78 31 26 75 83 66 59 87 35 48 31 44 7 6 71 83 75 62 95 81 0 31 30 
62 65 28 48 75 13 75 52 79 18 34 51 30 46 34 98 95 14 97 66 18 35 42 31 0 30 
39 99 89 29 65 77 58 71 32 26 65 73 46 81 68 39 100 82 6 55 52 56 15 30 30 0 
BBBRRRBBBRBBRRBRRRBBRBRBRR
