8
0 98 10 45 66 38 45 29 
98 0 35 65 5 26 87 87 
10 35 0 77 26 27 99 1 
45 65 77 0 95 62 35 26 
66 5 26 95 0 63 60 47 
38 26 27 62 63 0 25 98 
45 87 99 35 60 25 0 59 
29 87 1 26 47 98 59 0 
RRBRBBBR
