22
0 88 34 68 42 40 34 43 24 80 61 30 20 39 0 57 13 26 95 72 63 99 
88 0 61 36 24 13 80 25 100 73 13 83 77 6 40 60 36 17 97 58 81 40 
34 61 0 50 39 66 58 25 53 33 86 21 87 95 33 60 15 83 97 8 85 0 
68 36 50 0 93 65 100 88 72 35 25 12 14 11 32 84 57 68 25 54 27 32 
42 24 39 93 0 21 33 82 39 89 42 85 76 97 1 77 17 10 77 15 26 28 
40 13 66 65 21 0 39 11 55 13 30 40 32 30 23 67 26 12 48 35 82 26 
34 80 58 100 33 39 0 58 99 2 96 98 53 17 9 58 80 62 80 85 26 69 
43 25 25 88 82 11 58 0 47 54 5 74 22 44 75 60 21 99 50 97 66 46 
24 100 53 72 39 55 99 47 0 19 88 14 9 40 81 85 42 44 37 60 85 87 
80 73 33 35 89 13 2 54 19 0 65 33 54 13 72 85 23 0 18 58 40 37 
61 13 86 25 42 30 96 5 88 65 0 78 18 99 76 97 11 32 72 39 55 38 
30 83 21 12 85 40 98 74 14 33 78 0 94 9 38 68 19 30 54 32 41 46 
20 77 87 14 76 32 53 22 9 54 18 94 0 78 95 25 53 30 98 30 49 70 
39 6 95 11 97 30 17 44 40 13 99 9 78 0 3 46 74 69 71 47 12 78 
0 40 33 32 1 23 9 75 81 72 76 38 95 3 0 71 73 43 75 96 1 99 
57 60 60 84 77 67 58 60 85 85 97 68 25 46 71 0 61 37 87 33 3 63 
13 36 15 57 17 26 80 21 42 23 11 19 53 74 73 61 0 16 3 87 49 58 
26 17 83 68 10 12 62 99 44 0 32 30 30 69 43 37 16 0 27 95 54 55 
95 97 97 25 77 48 80 50 37 18 72 54 98 71 75 87 3 27 0 80 64 60 
72 58 8 54 15 35 85 97 60 58 39 32 30 47 96 33 87 95 80 0 24 1 
63 81 85 27 26 82 26 66 85 40 55 41 49 12 1 3 49 54 64 24 0 83 
99 40 0 32 28 26 69 46 87 37 38 46 70 78 99 63 58 55 60 1 83 0 
RBBBBRBBRBRRRBBRRBRRRB
