12
0 56 71 9 18 62 0 15 44 94 24 7 
56 0 54 72 45 35 11 49 75 1 38 11 
71 54 0 57 56 58 43 46 54 75 63 72 
9 72 57 0 15 70 41 40 24 65 10 65 
18 45 56 15 0 49 33 57 76 42 11 20 
62 35 58 70 49 0 6 89 27 85 46 51 
0 11 43 41 33 6 0 94 42 5 31 14 
15 49 46 40 57 89 94 0 98 58 49 58 
44 75 54 24 76 27 42 98 0 0 64 41 
94 1 75 65 42 85 5 58 0 0 50 37 
24 38 63 10 11 46 31 49 64 50 0 6 
7 11 72 65 20 51 14 58 41 37 6 0 
RBRRBRBBBBRR
