6
0 33 50 43 83 83 
33 0 96 39 48 93 
50 96 0 61 42 32 
43 39 61 0 1 82 
83 48 42 1 0 83 
83 93 32 82 83 0 
BBBRRR
