16
0 98 68 51 60 46 56 60 68 15 34 62 47 59 17 79 
98 0 7 89 79 76 56 2 45 48 84 24 56 13 65 98 
68 7 0 16 16 71 96 15 0 59 5 87 67 6 77 26 
51 89 16 0 11 85 95 23 52 19 17 2 94 21 10 49 
60 79 16 11 0 96 21 29 0 64 80 20 84 94 79 97 
46 76 71 85 96 0 54 96 69 26 21 68 97 78 13 79 
56 56 96 95 21 54 0 55 99 16 52 95 80 53 11 91 
60 2 15 23 29 96 55 0 97 96 80 32 12 58 92 83 
68 45 0 52 0 69 99 97 0 42 70 17 27 57 75 71 
15 48 59 19 64 26 16 96 42 0 25 45 98 49 90 40 
34 84 5 17 80 21 52 80 70 25 0 1 22 32 1 70 
62 24 87 2 20 68 95 32 17 45 1 0 3 78 90 3 
47 56 67 94 84 97 80 12 27 98 22 3 0 63 80 22 
59 13 6 21 94 78 53 58 57 49 32 78 63 0 60 30 
17 65 77 10 79 13 11 92 75 90 1 90 80 60 0 52 
79 98 26 49 97 79 91 83 71 40 70 3 22 30 52 0 
RBRBBRRBBBRBRBRR
