18
0 42 52 55 61 82 4 51 34 73 76 73 26 91 45 67 50 10 
42 0 14 14 94 96 20 34 21 34 41 67 15 26 8 14 32 32 
52 14 0 8 55 73 11 26 53 54 20 4 50 30 23 59 60 33 
55 14 8 0 74 99 90 91 26 86 92 94 94 91 2 32 63 97 
61 94 55 74 0 64 56 2 18 78 19 36 35 73 20 45 19 11 
82 96 73 99 64 0 70 28 15 48 17 100 24 16 54 40 71 26 
4 20 11 90 56 70 0 40 13 4 63 10 75 43 43 27 73 56 
51 34 26 91 2 28 40 0 50 66 18 39 23 0 62 98 24 10 
34 21 53 26 18 15 13 50 0 77 75 32 22 60 50 70 2 32 
73 34 54 86 78 48 4 66 77 0 59 6 46 100 47 18 43 40 
76 41 20 92 19 17 63 18 75 59 0 39 93 7 27 79 22 11 
73 67 4 94 36 100 10 39 32 6 39 0 44 7 45 24 92 4 
26 15 50 94 35 24 75 23 22 46 93 44 0 81 55 92 50 3 
91 26 30 91 73 16 43 0 60 100 7 7 81 0 1 5 34 8 
45 8 23 2 20 54 43 62 50 47 27 45 55 1 0 30 75 26 
67 14 59 32 45 40 27 98 70 18 79 24 92 5 30 0 83 11 
50 32 60 63 19 71 73 24 2 43 22 92 50 34 75 83 0 45 
10 32 33 97 11 26 56 10 32 40 11 4 3 8 26 11 45 0 
RRBRRBRRBBRBBBBRBR
