28
0 54 15 68 12 19 89 86 26 68 61 17 75 77 93 43 6 30 9 86 14 78 70 82 35 53 42 78 
54 0 40 60 24 69 31 9 19 36 31 29 1 50 0 25 32 74 28 100 27 67 26 78 7 17 53 15 
15 40 0 19 16 96 76 45 63 44 80 78 1 9 90 60 86 90 80 14 93 59 51 49 60 98 4 25 
68 60 19 0 91 79 70 77 90 50 1 48 29 69 75 26 41 0 51 79 81 20 74 57 90 39 72 2 
12 24 16 91 0 7 26 58 78 91 52 55 30 100 34 93 70 46 51 52 92 97 59 37 13 94 15 36 
19 69 96 79 7 0 85 65 13 63 65 69 11 35 65 11 16 72 34 65 56 88 5 27 14 20 52 21 
89 31 76 70 26 85 0 76 35 91 83 73 12 24 6 47 79 65 59 57 9 73 22 80 22 86 37 31 
86 9 45 77 58 65 76 0 60 81 7 58 53 50 41 58 98 70 80 50 75 27 42 43 45 95 67 52 
26 19 63 90 78 13 35 60 0 37 67 42 56 63 56 92 47 1 24 30 77 84 23 76 25 6 93 10 
68 36 44 50 91 63 91 81 37 0 27 58 78 2 72 25 68 96 37 3 49 3 88 65 96 0 24 3 
61 31 80 1 52 65 83 7 67 27 0 70 48 12 98 14 78 58 31 48 77 4 62 8 89 20 55 3 
17 29 78 48 55 69 73 58 42 58 70 0 47 10 96 34 43 31 80 45 49 44 62 5 29 66 99 48 
75 1 1 29 30 11 12 53 56 78 48 47 0 75 81 99 85 31 25 34 59 96 14 10 36 69 35 16 
77 50 9 69 100 35 24 50 63 2 12 10 75 0 79 40 41 16 65 7 68 5 62 1 1 9 77 16 
93 0 90 75 34 65 6 41 56 72 98 96 81 79 0 9 50 99 81 91 46 72 39 47 22 94 13 62 
43 25 60 26 93 11 47 58 92 25 14 34 99 40 9 0 44 43 73 47 96 25 38 29 0 7 23 64 
6 32 86 41 70 16 79 98 47 68 78 43 85 41 50 44 0 43 86 35 28 40 78 19 30 21 44 77 
30 74 90 0 46 72 65 70 1 96 58 31 31 16 99 43 43 0 72 96 3 40 96 65 67 32 84 3 
9 28 80 51 51 34 59 80 24 37 31 80 25 65 81 73 86 72 0 96 49 81 54 83 10 94 42 60 
86 100 14 79 52 65 57 50 30 3 48 45 34 7 91 47 35 96 96 0 14 41 68 36 46 31 87 23 
14 27 93 81 92 56 9 75 77 49 77 49 59 68 46 96 28 3 49 14 0 74 94 69 43 69 70 83 
78 67 59 20 97 88 73 27 84 3 4 44 96 5 72 25 40 40 81 41 74 0 92 89 40 91 93 100 
70 26 51 74 59 5 22 42 23 88 62 62 14 62 39 38 78 96 54 68 94 92 0 97 42 60 29 9 
82 78 49 57 37 27 80 43 76 65 8 5 10 1 47 29 19 65 83 36 69 89 97 0 83 88 56 4 
35 7 60 90 13 14 22 45 25 96 89 29 36 1 22 0 30 67 10 46 43 40 42 83 0 4 74 38 
53 17 98 39 94 20 86 95 6 0 20 66 69 9 94 7 21 32 94 31 69 91 60 88 4 0 24 27 
42 53 4 72 15 52 37 67 93 24 55 99 35 77 13 23 44 84 42 87 70 93 29 56 74 24 0 77 
78 15 25 2 36 21 31 52 10 3 3 48 16 16 62 64 77 3 60 23 83 100 9 4 38 27 77 0 
RRBRBBRRRBBRRRBRBRBBRRBBBBRB
