8
0 6 46 6 31 0 51 49 
6 0 69 27 44 90 40 49 
46 69 0 37 19 8 73 51 
6 27 37 0 8 41 25 83 
31 44 19 8 0 1 83 23 
0 90 8 41 1 0 14 29 
51 40 73 25 83 14 0 97 
49 49 51 83 23 29 97 0 
RRBRRBBB
