28
0 63 58 39 33 41 40 1 13 32 3 88 36 13 48 91 40 17 26 35 24 41 57 70 1 70 29 20 
63 0 42 41 23 13 33 93 32 87 45 45 58 95 49 88 76 57 92 58 55 30 21 47 27 0 41 23 
58 42 0 18 82 98 50 81 67 99 51 98 20 26 25 59 87 10 81 85 75 2 13 58 72 19 22 94 
39 41 18 0 42 77 40 38 30 2 44 45 61 37 51 58 81 88 3 80 26 29 75 0 23 59 4 93 
33 23 82 42 0 79 70 42 23 54 62 62 62 22 42 75 7 14 34 88 90 8 31 5 57 73 18 63 
41 13 98 77 79 0 100 45 35 60 34 86 87 98 56 92 15 80 13 67 17 65 57 5 74 47 100 60 
40 33 50 40 70 100 0 71 49 56 46 42 61 72 93 89 93 34 24 92 26 87 48 69 93 30 40 72 
1 93 81 38 42 45 71 0 82 72 95 100 58 28 99 36 49 60 84 54 99 13 49 88 76 61 56 94 
13 32 67 30 23 35 49 82 0 91 27 30 0 32 60 9 55 24 97 70 86 60 60 56 96 77 77 15 
32 87 99 2 54 60 56 72 91 0 68 85 26 5 79 77 47 88 68 44 85 6 32 76 25 73 10 98 
3 45 51 44 62 34 46 95 27 68 0 95 32 6 13 59 16 96 47 73 46 82 96 93 52 59 49 11 
88 45 98 45 62 86 42 100 30 85 95 0 10 90 28 4 23 70 93 79 46 33 52 15 34 14 95 55 
36 58 20 61 62 87 61 58 0 26 32 10 0 98 80 53 45 57 72 89 70 85 34 89 53 32 34 46 
13 95 26 37 22 98 72 28 32 5 6 90 98 0 64 87 32 26 64 10 75 89 55 94 21 50 92 83 
48 49 25 51 42 56 93 99 60 79 13 28 80 64 0 50 60 43 72 77 51 59 10 27 67 35 68 41 
91 88 59 58 75 92 89 36 9 77 59 4 53 87 50 0 67 54 59 87 33 10 83 70 42 11 29 61 
40 76 87 81 7 15 93 49 55 47 16 23 45 32 60 67 0 82 94 72 98 32 37 7 59 79 17 56 
17 57 10 88 14 80 34 60 24 88 96 70 57 26 43 54 82 0 42 2 47 0 48 50 78 7 33 10 
26 92 81 3 34 13 24 84 97 68 47 93 72 64 72 59 94 42 0 41 25 43 95 99 3 73 87 95 
35 58 85 80 88 67 92 54 70 44 73 79 89 10 77 87 72 2 41 0 37 93 67 30 25 37 25 19 
24 55 75 26 90 17 26 99 86 85 46 46 70 75 51 33 98 47 25 37 0 60 100 28 28 30 85 77 
41 30 2 29 8 65 87 13 60 6 82 33 85 89 59 10 32 0 43 93 60 0 67 62 65 22 75 65 
57 21 13 75 31 57 48 49 60 32 96 52 34 55 10 83 37 48 95 67 100 67 0 4 54 0 82 27 
70 47 58 0 5 5 69 88 56 76 93 15 89 94 27 70 7 50 99 30 28 62 4 0 79 56 43 1 
1 27 72 23 57 74 93 76 96 25 52 34 53 21 67 42 59 78 3 25 28 65 54 79 0 15 84 47 
70 0 19 59 73 47 30 61 77 73 59 14 32 50 35 11 79 7 73 37 30 22 0 56 15 0 33 2 
29 41 22 4 18 100 40 56 77 10 49 95 34 92 68 29 17 33 87 25 85 75 82 43 84 33 0 49 
20 23 94 93 63 60 72 94 15 98 11 55 46 83 41 61 56 10 95 19 77 65 27 1 47 2 49 0 
BBRRBBBRRRRBBRBBRRRBRBRBBBRR
