14
0 55 69 19 94 70 19 4 90 7 29 6 26 57 
55 0 44 34 75 87 34 31 42 64 67 38 21 69 
69 44 0 53 8 97 86 54 17 7 22 73 87 33 
19 34 53 0 10 38 98 87 74 98 57 91 81 34 
94 75 8 10 0 42 65 18 33 38 57 88 89 92 
70 87 97 38 42 0 79 8 0 43 86 55 26 8 
19 34 86 98 65 79 0 75 39 60 61 75 1 21 
4 31 54 87 18 8 75 0 66 43 55 1 0 39 
90 42 17 74 33 0 39 66 0 22 85 37 80 88 
7 64 7 98 38 43 60 43 22 0 55 5 66 43 
29 67 22 57 57 86 61 55 85 55 0 47 6 72 
6 38 73 91 88 55 75 1 37 5 47 0 59 96 
26 21 87 81 89 26 1 0 80 66 6 59 0 10 
57 69 33 34 92 8 21 39 88 43 72 96 10 0 
RBRBRRBBBBRRBR
