8
0 0 35 51 34 54 48 62 
0 0 98 98 63 39 44 28 
35 98 0 86 76 25 48 73 
51 98 86 0 48 30 58 88 
34 63 76 48 0 35 66 3 
54 39 25 30 35 0 51 56 
48 44 48 58 66 51 0 76 
62 28 73 88 3 56 76 0 
BBBRRBRR
