24
0 41 26 14 29 95 92 78 0 79 89 49 81 67 32 35 62 58 44 77 100 35 23 16 
41 0 75 62 74 66 66 43 76 57 45 7 36 11 19 2 77 4 29 15 58 41 14 93 
26 75 0 69 6 1 75 78 80 60 34 57 18 37 99 21 80 12 90 39 9 27 48 29 
14 62 69 0 66 82 33 55 18 37 69 25 81 95 3 83 9 95 82 47 6 18 49 3 
29 74 6 66 0 60 55 35 28 70 16 66 94 64 84 56 67 56 85 77 13 67 79 14 
95 66 1 82 60 0 31 21 24 54 24 90 49 86 34 65 17 77 58 72 4 90 5 36 
92 66 75 33 55 31 0 28 64 37 97 60 54 95 73 42 55 57 56 71 55 62 22 12 
78 43 78 55 35 21 28 0 99 68 2 5 28 14 95 91 8 67 36 53 56 29 77 24 
0 76 80 18 28 24 64 99 0 70 87 62 84 95 27 14 64 21 61 32 9 2 14 22 
79 57 60 37 70 54 37 68 70 0 99 45 1 69 16 5 9 9 54 20 31 7 6 37 
89 45 34 69 16 24 97 2 87 99 0 67 83 51 64 20 67 47 75 88 52 71 91 30 
49 7 57 25 66 90 60 5 62 45 67 0 72 68 54 53 78 28 69 74 64 38 81 79 
81 36 18 81 94 49 54 28 84 1 83 72 0 97 26 33 100 31 45 39 38 95 48 55 
67 11 37 95 64 86 95 14 95 69 51 68 97 0 27 31 78 62 81 27 90 8 44 56 
32 19 99 3 84 34 73 95 27 16 64 54 26 27 0 33 27 23 50 26 69 72 75 9 
35 2 21 83 56 65 42 91 14 5 20 53 33 31 33 0 32 37 59 97 63 34 19 35 
62 77 80 9 67 17 55 8 64 9 67 78 100 78 27 32 0 56 98 40 25 94 59 19 
58 4 12 95 56 77 57 67 21 9 47 28 31 62 23 37 56 0 0 30 39 62 95 48 
44 29 90 82 85 58 56 36 61 54 75 69 45 81 50 59 98 0 0 32 78 24 92 54 
77 15 39 47 77 72 71 53 32 20 88 74 39 27 26 97 40 30 32 0 70 43 73 49 
100 58 9 6 13 4 55 56 9 31 52 64 38 90 69 63 25 39 78 70 0 74 48 16 
35 41 27 18 67 90 62 29 2 7 71 38 95 8 72 34 94 62 24 43 74 0 70 86 
23 14 48 49 79 5 22 77 14 6 91 81 48 44 75 19 59 95 92 73 48 70 0 59 
16 93 29 3 14 36 12 24 22 37 30 79 55 56 9 35 19 48 54 49 16 86 59 0 
RBBBRRBBBBRRBBBRBRRRRRRB
