16
0 26 74 77 71 48 26 14 55 36 55 96 49 93 87 77 
26 0 95 36 45 79 75 55 44 42 67 57 34 15 9 28 
74 95 0 81 66 45 13 28 16 13 21 77 60 87 49 19 
77 36 81 0 52 51 35 48 43 37 45 69 31 92 82 64 
71 45 66 52 0 2 11 25 50 53 55 93 6 11 40 100 
48 79 45 51 2 0 16 28 61 31 13 55 13 61 38 30 
26 75 13 35 11 16 0 76 11 89 48 61 90 1 31 2 
14 55 28 48 25 28 76 0 7 73 37 9 37 36 77 96 
55 44 16 43 50 61 11 7 0 37 13 91 34 73 26 14 
36 42 13 37 53 31 89 73 37 0 76 74 64 14 66 48 
55 67 21 45 55 13 48 37 13 76 0 0 48 23 23 59 
96 57 77 69 93 55 61 9 91 74 0 0 34 74 50 43 
49 34 60 31 6 13 90 37 34 64 48 34 0 58 58 94 
93 15 87 92 11 61 1 36 73 14 23 74 58 0 64 78 
87 9 49 82 40 38 31 77 26 66 23 50 58 64 0 29 
77 28 19 64 100 30 2 96 14 48 59 43 94 78 29 0 
BRBBRRRBBBBRRRRB
