8
0 85 61 13 55 85 15 74 
85 0 12 49 16 44 35 13 
61 12 0 27 12 72 43 11 
13 49 27 0 9 95 60 35 
55 16 12 9 0 72 9 49 
85 44 72 95 72 0 97 45 
15 35 43 60 9 97 0 97 
74 13 11 35 49 45 97 0 
BRBRRBBR
