22
0 49 5 95 17 27 46 35 60 56 88 37 92 7 70 3 20 85 41 13 37 93 
49 0 10 8 56 47 15 26 41 88 88 33 73 62 53 45 44 15 65 43 86 85 
5 10 0 31 17 9 18 34 97 69 14 75 10 53 18 70 34 52 80 19 69 79 
95 8 31 0 17 83 92 23 34 2 10 93 77 79 82 53 83 65 52 75 39 69 
17 56 17 17 0 35 32 21 37 37 78 73 31 2 94 16 12 16 88 28 2 8 
27 47 9 83 35 0 64 66 0 39 5 40 99 72 59 30 89 45 100 42 98 29 
46 15 18 92 32 64 0 38 73 4 91 63 92 26 35 36 31 71 95 90 87 0 
35 26 34 23 21 66 38 0 78 0 36 80 74 48 60 70 36 72 79 39 11 24 
60 41 97 34 37 0 73 78 0 91 64 59 17 3 61 90 12 4 84 44 55 91 
56 88 69 2 37 39 4 0 91 0 10 23 8 20 5 19 98 72 24 74 21 92 
88 88 14 10 78 5 91 36 64 10 0 39 19 83 65 97 30 66 8 99 71 98 
37 33 75 93 73 40 63 80 59 23 39 0 64 64 79 97 18 49 76 21 56 42 
92 73 10 77 31 99 92 74 17 8 19 64 0 52 90 19 77 84 72 58 73 67 
7 62 53 79 2 72 26 48 3 20 83 64 52 0 47 6 85 69 78 24 63 16 
70 53 18 82 94 59 35 60 61 5 65 79 90 47 0 78 86 99 13 50 35 27 
3 45 70 53 16 30 36 70 90 19 97 97 19 6 78 0 100 12 21 18 72 59 
20 44 34 83 12 89 31 36 12 98 30 18 77 85 86 100 0 82 92 70 71 17 
85 15 52 65 16 45 71 72 4 72 66 49 84 69 99 12 82 0 55 50 76 14 
41 65 80 52 88 100 95 79 84 24 8 76 72 78 13 21 92 55 0 5 95 0 
13 43 19 75 28 42 90 39 44 74 99 21 58 24 50 18 70 50 5 0 29 50 
37 86 69 39 2 98 87 11 55 21 71 56 73 63 35 72 71 76 95 29 0 77 
93 85 79 69 8 29 0 24 91 92 98 42 67 16 27 59 17 14 0 50 77 0 
BBRBBRRBBBBRBRBRRRRRRB
