8
0 9 77 11 65 16 78 52 
9 0 53 2 22 77 27 61 
77 53 0 72 0 62 87 28 
11 2 72 0 41 49 77 23 
65 22 0 41 0 27 52 97 
16 77 62 49 27 0 6 77 
78 27 87 77 52 6 0 37 
52 61 28 23 97 77 37 0 
BBRRRBRB
