22
0 17 78 12 27 59 54 17 10 97 33 81 54 60 18 19 30 30 82 11 13 0 
17 0 27 12 59 81 65 51 0 85 86 79 83 18 94 30 88 39 25 16 63 15 
78 27 0 53 97 84 45 42 28 95 40 4 19 61 26 8 84 73 71 42 79 28 
12 12 53 0 34 55 72 38 36 43 91 74 8 42 38 68 22 41 35 17 74 4 
27 59 97 34 0 50 34 97 63 16 29 8 30 14 54 20 44 44 53 76 15 71 
59 81 84 55 50 0 25 22 25 56 37 92 51 79 18 32 63 63 82 37 53 17 
54 65 45 72 34 25 0 79 7 64 11 73 91 92 17 76 21 67 66 72 26 87 
17 51 42 38 97 22 79 0 63 34 55 56 100 38 5 59 17 0 97 54 43 41 
10 0 28 36 63 25 7 63 0 37 65 47 75 31 90 14 65 71 0 11 1 49 
97 85 95 43 16 56 64 34 37 0 82 87 14 47 84 13 84 39 79 99 26 7 
33 86 40 91 29 37 11 55 65 82 0 65 14 77 10 93 97 80 32 100 76 45 
81 79 4 74 8 92 73 56 47 87 65 0 34 32 27 19 79 77 8 56 82 34 
54 83 19 8 30 51 91 100 75 14 14 34 0 87 24 55 17 43 41 54 58 1 
60 18 61 42 14 79 92 38 31 47 77 32 87 0 36 49 50 26 23 42 85 23 
18 94 26 38 54 18 17 5 90 84 10 27 24 36 0 52 13 0 70 57 0 90 
19 30 8 68 20 32 76 59 14 13 93 19 55 49 52 0 97 72 50 74 77 56 
30 88 84 22 44 63 21 17 65 84 97 79 17 50 13 97 0 57 11 78 11 37 
30 39 73 41 44 63 67 0 71 39 80 77 43 26 0 72 57 0 14 12 87 60 
82 25 71 35 53 82 66 97 0 79 32 8 41 23 70 50 11 14 0 35 95 8 
11 16 42 17 76 37 72 54 11 99 100 56 54 42 57 74 78 12 35 0 9 81 
13 63 79 74 15 53 26 43 1 26 76 82 58 85 0 77 11 87 95 9 0 87 
0 15 28 4 71 17 87 41 49 7 45 34 1 23 90 56 37 60 8 81 87 0 
RBBRBRRRRRBBBRBRBBRRBB
