32
0 78 9 88 32 83 59 81 30 59 63 72 17 13 21 9 95 84 67 77 39 1 100 27 62 70 4 19 51 22 23 66 
78 0 18 99 31 16 37 8 53 44 58 93 62 44 8 95 15 48 85 37 67 65 48 83 86 32 4 86 43 43 21 51 
9 18 0 79 70 82 11 37 38 72 14 98 48 28 59 9 17 76 22 39 54 50 77 63 74 68 42 37 87 25 50 45 
88 99 79 0 99 55 24 70 91 66 2 6 72 26 37 81 72 6 61 57 22 100 77 73 29 91 63 54 13 100 7 2 
32 31 70 99 0 6 42 12 0 69 13 71 88 94 51 95 37 69 23 28 17 26 82 92 85 47 71 69 0 28 23 29 
83 16 82 55 6 0 6 25 40 60 52 35 33 94 18 55 73 10 32 55 39 70 95 29 16 41 19 79 74 15 91 51 
59 37 11 24 42 6 0 10 50 1 78 44 39 30 68 74 82 86 81 39 50 83 24 1 43 72 92 3 96 5 75 3 
81 8 37 70 12 25 10 0 35 68 13 21 56 95 13 56 0 1 47 25 51 67 64 11 81 98 13 57 49 28 3 61 
30 53 38 91 0 40 50 35 0 45 42 42 88 98 3 40 24 65 59 7 12 86 69 99 23 6 45 46 24 56 68 3 
59 44 72 66 69 60 1 68 45 0 58 18 9 78 24 82 22 99 34 85 68 15 3 19 87 23 64 74 19 4 35 56 
63 58 14 2 13 52 78 13 42 58 0 65 20 70 67 63 19 28 90 99 84 87 79 85 78 33 33 59 81 62 88 7 
72 93 98 6 71 35 44 21 42 18 65 0 44 80 78 5 48 3 38 94 11 81 93 81 26 3 29 74 75 41 51 54 
17 62 48 72 88 33 39 56 88 9 20 44 0 63 38 93 37 44 66 27 58 48 40 6 5 26 76 1 32 73 62 13 
13 44 28 26 94 94 30 95 98 78 70 80 63 0 17 32 17 81 30 14 6 25 55 2 87 81 99 7 53 38 91 65 
21 8 59 37 51 18 68 13 3 24 67 78 38 17 0 90 52 44 36 40 32 37 55 61 97 91 50 21 9 91 63 79 
9 95 9 81 95 55 74 56 40 82 63 5 93 32 90 0 25 55 29 15 1 8 36 80 13 16 6 65 12 16 39 3 
95 15 17 72 37 73 82 0 24 22 19 48 37 17 52 25 0 40 61 46 22 94 65 50 55 64 100 5 47 17 67 37 
84 48 76 6 69 10 86 1 65 99 28 3 44 81 44 55 40 0 94 63 21 44 55 58 89 13 14 15 18 79 85 26 
67 85 22 61 23 32 81 47 59 34 90 38 66 30 36 29 61 94 0 90 76 20 81 24 53 56 41 28 41 16 0 26 
77 37 39 57 28 55 39 25 7 85 99 94 27 14 40 15 46 63 90 0 42 87 41 21 7 14 26 36 59 20 72 98 
39 67 54 22 17 39 50 51 12 68 84 11 58 6 32 1 22 21 76 42 0 71 82 22 68 71 95 35 90 81 42 5 
1 65 50 100 26 70 83 67 86 15 87 81 48 25 37 8 94 44 20 87 71 0 56 50 3 2 66 83 1 94 8 38 
100 48 77 77 82 95 24 64 69 3 79 93 40 55 55 36 65 55 81 41 82 56 0 65 37 16 49 35 17 72 64 47 
27 83 63 73 92 29 1 11 99 19 85 81 6 2 61 80 50 58 24 21 22 50 65 0 95 76 57 42 2 3 52 61 
62 86 74 29 85 16 43 81 23 87 78 26 5 87 97 13 55 89 53 7 68 3 37 95 0 43 37 96 7 73 20 0 
70 32 68 91 47 41 72 98 6 23 33 3 26 81 91 16 64 13 56 14 71 2 16 76 43 0 26 35 30 43 22 84 
4 4 42 63 71 19 92 13 45 64 33 29 76 99 50 6 100 14 41 26 95 66 49 57 37 26 0 46 88 22 88 21 
19 86 37 54 69 79 3 57 46 74 59 74 1 7 21 65 5 15 28 36 35 83 35 42 96 35 46 0 93 96 78 63 
51 43 87 13 0 74 96 49 24 19 81 75 32 53 9 12 47 18 41 59 90 1 17 2 7 30 88 93 0 44 82 81 
22 43 25 100 28 15 5 28 56 4 62 41 73 38 91 16 17 79 16 20 81 94 72 3 73 43 22 96 44 0 1 54 
23 21 50 7 23 91 75 3 68 35 88 51 62 91 63 39 67 85 0 72 42 8 64 52 20 22 88 78 82 1 0 33 
66 51 45 2 29 51 3 61 3 56 7 54 13 65 79 3 37 26 26 98 5 38 47 61 0 84 21 63 81 54 33 0 
BRBBRRRBRRRBRRBBBRBRRBBRBBRRBBRB
