8
0 22 8 75 53 59 11 18 
22 0 19 95 91 78 29 74 
8 19 0 86 16 71 56 64 
75 95 86 0 0 23 16 78 
53 91 16 0 0 78 76 55 
59 78 71 23 78 0 55 37 
11 29 56 16 76 55 0 53 
18 74 64 78 55 37 53 0 
RBRBBRRB
