32
0 48 85 81 100 62 89 62 41 20 50 97 66 45 85 1 2 96 60 69 34 12 28 4 16 97 95 57 77 98 21 7 
48 0 25 17 43 40 46 86 9 66 48 29 49 58 91 75 76 7 8 15 87 1 4 80 71 70 13 11 65 37 72 98 
85 25 0 32 26 84 100 64 13 28 24 26 97 53 58 71 89 21 87 6 53 40 11 14 6 60 32 7 48 89 15 80 
81 17 32 0 60 32 84 28 6 73 70 92 23 6 48 88 18 63 64 76 73 70 85 1 31 99 59 54 31 39 71 14 
100 43 26 60 0 34 97 19 76 91 79 39 30 27 57 61 60 65 84 71 71 94 47 54 89 90 58 81 35 14 25 84 
62 40 84 32 34 0 82 84 78 97 56 75 34 82 53 41 40 36 23 13 5 17 76 62 66 22 91 25 96 9 2 24 
89 46 100 84 97 82 0 36 64 45 59 59 87 4 65 59 97 35 27 26 34 42 94 71 48 87 96 27 88 10 92 79 
62 86 64 28 19 84 36 0 34 60 7 75 78 4 82 66 84 82 91 69 27 37 8 88 73 11 84 40 70 73 12 15 
41 9 13 6 76 78 64 34 0 15 64 89 17 96 91 40 48 26 35 2 10 10 47 79 33 89 87 27 13 79 86 37 
20 66 28 73 91 97 45 60 15 0 53 49 74 23 70 69 16 37 55 32 36 36 18 78 61 93 47 37 98 53 64 59 
50 48 24 70 79 56 59 7 64 53 0 31 12 82 28 64 43 57 80 23 51 87 35 24 45 87 97 57 96 12 60 65 
97 29 26 92 39 75 59 75 89 49 31 0 3 91 38 99 64 22 70 25 85 47 60 97 0 20 65 49 89 31 26 26 
66 49 97 23 30 34 87 78 17 74 12 3 0 6 58 22 67 97 54 98 60 65 91 44 30 23 78 7 14 97 41 56 
45 58 53 6 27 82 4 4 96 23 82 91 6 0 67 2 2 34 1 92 9 87 18 52 62 91 51 13 34 75 56 1 
85 91 58 48 57 53 65 82 91 70 28 38 58 67 0 83 0 73 27 71 29 7 31 74 6 59 44 10 24 47 61 96 
1 75 71 88 61 41 59 66 40 69 64 99 22 2 83 0 41 80 91 90 7 99 62 25 2 16 21 21 86 29 94 34 
2 76 89 18 60 40 97 84 48 16 43 64 67 2 0 41 0 59 19 17 31 86 49 98 8 8 18 53 34 79 77 55 
96 7 21 63 65 36 35 82 26 37 57 22 97 34 73 80 59 0 20 21 12 46 99 100 14 13 3 35 97 49 94 87 
60 8 87 64 84 23 27 91 35 55 80 70 54 1 27 91 19 20 0 75 85 49 81 94 92 63 2 22 20 69 81 76 
69 15 6 76 71 13 26 69 2 32 23 25 98 92 71 90 17 21 75 0 40 25 83 100 58 32 52 20 93 72 88 96 
34 87 53 73 71 5 34 27 10 36 51 85 60 9 29 7 31 12 85 40 0 36 22 73 57 8 58 28 68 35 66 70 
12 1 40 70 94 17 42 37 10 36 87 47 65 87 7 99 86 46 49 25 36 0 53 99 41 33 11 85 47 99 7 39 
28 4 11 85 47 76 94 8 47 18 35 60 91 18 31 62 49 99 81 83 22 53 0 0 77 8 31 54 93 85 66 44 
4 80 14 1 54 62 71 88 79 78 24 97 44 52 74 25 98 100 94 100 73 99 0 0 63 51 57 57 81 70 87 16 
16 71 6 31 89 66 48 73 33 61 45 0 30 62 6 2 8 14 92 58 57 41 77 63 0 20 42 35 77 29 63 28 
97 70 60 99 90 22 87 11 89 93 87 20 23 91 59 16 8 13 63 32 8 33 8 51 20 0 89 73 43 3 44 99 
95 13 32 59 58 91 96 84 87 47 97 65 78 51 44 21 18 3 2 52 58 11 31 57 42 89 0 80 83 5 64 6 
57 11 7 54 81 25 27 40 27 37 57 49 7 13 10 21 53 35 22 20 28 85 54 57 35 73 80 0 57 39 32 45 
77 65 48 31 35 96 88 70 13 98 96 89 14 34 24 86 34 97 20 93 68 47 93 81 77 43 83 57 0 71 27 77 
98 37 89 39 14 9 10 73 79 53 12 31 97 75 47 29 79 49 69 72 35 99 85 70 29 3 5 39 71 0 17 66 
21 72 15 71 25 2 92 12 86 64 60 26 41 56 61 94 77 94 81 88 66 7 66 87 63 44 64 32 27 17 0 100 
7 98 80 14 84 24 79 15 37 59 65 26 56 1 96 34 55 87 76 96 70 39 44 16 28 99 6 45 77 66 100 0 
RRBBRRBBRRBBRRRRRBBBBRRBRBBBBBRR
