20
0 46 28 65 2 52 87 13 65 5 3 60 77 76 56 85 56 42 12 33 
46 0 47 67 12 71 23 73 34 30 73 32 87 89 13 73 79 72 74 20 
28 47 0 86 40 35 12 63 86 15 71 73 3 27 75 7 7 21 77 39 
65 67 86 0 26 0 98 47 80 96 45 19 62 14 65 43 87 59 71 4 
2 12 40 26 0 59 89 31 77 99 24 78 9 94 8 30 39 57 49 28 
52 71 35 0 59 0 21 38 29 87 14 87 33 79 23 48 3 0 29 73 
87 23 12 98 89 21 0 92 74 48 31 81 54 8 99 98 51 36 73 49 
13 73 63 47 31 38 92 0 32 63 27 79 94 36 90 80 16 48 97 67 
65 34 86 80 77 29 74 32 0 10 33 95 96 44 51 64 40 14 55 75 
5 30 15 96 99 87 48 63 10 0 4 93 54 97 45 98 49 65 56 84 
3 73 71 45 24 14 31 27 33 4 0 94 83 36 64 14 31 53 4 8 
60 32 73 19 78 87 81 79 95 93 94 0 46 17 84 40 61 35 97 2 
77 87 3 62 9 33 54 94 96 54 83 46 0 51 52 81 73 42 34 69 
76 89 27 14 94 79 8 36 44 97 36 17 51 0 44 57 72 56 46 83 
56 13 75 65 8 23 99 90 51 45 64 84 52 44 0 47 6 71 34 70 
85 73 7 43 30 48 98 80 64 98 14 40 81 57 47 0 89 45 27 11 
56 79 7 87 39 3 51 16 40 49 31 61 73 72 6 89 0 46 47 0 
42 72 21 59 57 0 36 48 14 65 53 35 42 56 71 45 46 0 89 10 
12 74 77 71 49 29 73 97 55 56 4 97 34 46 34 27 47 89 0 35 
33 20 39 4 28 73 49 67 75 84 8 2 69 83 70 11 0 10 35 0 
BBBRBBRBRRRBBBRBRRRR
