28
0 77 17 12 66 93 89 14 82 13 51 27 29 59 78 99 77 63 45 33 15 100 92 44 82 91 82 84 
77 0 8 67 39 52 21 62 99 12 53 16 26 38 3 93 26 5 0 15 75 80 54 41 63 10 71 6 
17 8 0 49 28 92 1 73 17 39 13 27 52 56 8 81 2 15 17 91 23 27 67 27 75 11 86 34 
12 67 49 0 72 84 20 95 45 14 8 50 17 37 43 98 84 17 49 31 23 97 17 14 23 0 63 73 
66 39 28 72 0 38 37 76 75 31 74 16 55 73 60 3 41 71 15 61 86 89 6 50 67 55 46 46 
93 52 92 84 38 0 99 6 80 51 37 99 47 54 47 83 31 9 77 16 84 62 23 32 86 57 49 83 
89 21 1 20 37 99 0 30 25 21 16 70 41 90 1 94 99 10 100 31 19 30 22 30 95 34 66 41 
14 62 73 95 76 6 30 0 18 55 18 48 11 23 47 99 21 27 88 25 37 53 70 72 57 14 50 81 
82 99 17 45 75 80 25 18 0 99 70 12 89 26 1 8 82 72 49 73 40 47 79 10 87 47 59 39 
13 12 39 14 31 51 21 55 99 0 9 82 13 7 66 94 41 34 89 94 97 2 6 59 67 76 6 47 
51 53 13 8 74 37 16 18 70 9 0 11 6 26 75 78 85 48 54 48 69 32 26 66 64 62 52 21 
27 16 27 50 16 99 70 48 12 82 11 0 29 73 52 37 99 28 81 56 22 81 90 98 64 80 88 91 
29 26 52 17 55 47 41 11 89 13 6 29 0 66 28 100 94 66 48 96 54 54 57 82 27 64 64 18 
59 38 56 37 73 54 90 23 26 7 26 73 66 0 54 75 91 62 72 60 36 74 100 67 65 44 77 45 
78 3 8 43 60 47 1 47 1 66 75 52 28 54 0 2 69 96 60 86 98 2 23 79 17 59 71 83 
99 93 81 98 3 83 94 99 8 94 78 37 100 75 2 0 93 75 44 78 97 14 6 73 60 43 100 48 
77 26 2 84 41 31 99 21 82 41 85 99 94 91 69 93 0 16 69 70 46 82 98 32 47 26 31 11 
63 5 15 17 71 9 10 27 72 34 48 28 66 62 96 75 16 0 70 98 74 67 71 57 29 1 35 46 
45 0 17 49 15 77 100 88 49 89 54 81 48 72 60 44 69 70 0 70 83 93 94 60 69 75 23 61 
33 15 91 31 61 16 31 25 73 94 48 56 96 60 86 78 70 98 70 0 68 85 56 26 7 43 26 97 
15 75 23 23 86 84 19 37 40 97 69 22 54 36 98 97 46 74 83 68 0 42 25 21 45 23 32 27 
100 80 27 97 89 62 30 53 47 2 32 81 54 74 2 14 82 67 93 85 42 0 81 34 94 21 75 74 
92 54 67 17 6 23 22 70 79 6 26 90 57 100 23 6 98 71 94 56 25 81 0 17 96 2 67 97 
44 41 27 14 50 32 30 72 10 59 66 98 82 67 79 73 32 57 60 26 21 34 17 0 24 2 23 87 
82 63 75 23 67 86 95 57 87 67 64 64 27 65 17 60 47 29 69 7 45 94 96 24 0 51 19 13 
91 10 11 0 55 57 34 14 47 76 62 80 64 44 59 43 26 1 75 43 23 21 2 2 51 0 29 52 
82 71 86 63 46 49 66 50 59 6 52 88 64 77 71 100 31 35 23 26 32 75 67 23 19 29 0 9 
84 6 34 73 46 83 41 81 39 47 21 91 18 45 83 48 11 46 61 97 27 74 97 87 13 52 9 0 
RBBBRBRRRRRBBBRRBBRRBBBRBRRB
