24
0 96 10 31 76 6 72 36 43 18 8 50 3 17 91 50 71 89 35 49 36 40 52 50 
96 0 16 24 42 94 91 42 50 11 87 23 27 1 68 24 17 83 25 62 11 1 73 10 
10 16 0 6 60 63 45 83 53 78 65 60 9 42 51 73 14 83 99 0 80 18 12 87 
31 24 6 0 74 24 71 42 89 20 74 83 51 85 22 85 72 67 33 89 92 77 2 14 
76 42 60 74 0 3 42 9 19 57 51 71 18 88 19 28 27 16 36 28 21 55 60 48 
6 94 63 24 3 0 46 95 100 79 72 86 75 2 25 20 28 45 84 81 81 33 44 92 
72 91 45 71 42 46 0 9 96 44 78 12 92 22 13 64 74 66 94 6 7 99 58 9 
36 42 83 42 9 95 9 0 57 98 67 2 93 64 66 52 29 88 32 8 59 37 3 66 
43 50 53 89 19 100 96 57 0 21 87 70 48 20 52 45 25 27 87 12 24 90 79 24 
18 11 78 20 57 79 44 98 21 0 3 93 5 23 19 1 69 78 72 87 41 46 91 14 
8 87 65 74 51 72 78 67 87 3 0 85 78 15 95 45 91 45 19 20 11 54 54 43 
50 23 60 83 71 86 12 2 70 93 85 0 90 100 12 29 87 20 41 100 24 98 99 59 
3 27 9 51 18 75 92 93 48 5 78 90 0 80 72 51 69 3 19 25 67 40 90 2 
17 1 42 85 88 2 22 64 20 23 15 100 80 0 9 83 77 57 83 85 84 73 61 15 
91 68 51 22 19 25 13 66 52 19 95 12 72 9 0 96 46 19 38 31 92 79 82 63 
50 24 73 85 28 20 64 52 45 1 45 29 51 83 96 0 26 51 29 36 75 87 11 21 
71 17 14 72 27 28 74 29 25 69 91 87 69 77 46 26 0 41 26 64 5 25 29 36 
89 83 83 67 16 45 66 88 27 78 45 20 3 57 19 51 41 0 22 52 18 35 79 19 
35 25 99 33 36 84 94 32 87 72 19 41 19 83 38 29 26 22 0 70 89 49 60 62 
49 62 0 89 28 81 6 8 12 87 20 100 25 85 31 36 64 52 70 0 99 60 37 47 
36 11 80 92 21 81 7 59 24 41 11 24 67 84 92 75 5 18 89 99 0 45 56 95 
40 1 18 77 55 33 99 37 90 46 54 98 40 73 79 87 25 35 49 60 45 0 76 35 
52 73 12 2 60 44 58 3 79 91 54 99 90 61 82 11 29 79 60 37 56 76 0 78 
50 10 87 14 48 92 9 66 24 14 43 59 2 15 63 21 36 19 62 47 95 35 78 0 
BBRRRBRBBRRBRBBBBRRRRRBB
