30
0 69 75 90 48 27 54 82 97 100 58 67 5 67 60 66 51 66 90 79 75 54 31 85 15 78 51 81 64 18 
69 0 84 70 55 20 66 61 67 3 71 20 26 58 24 56 50 31 85 49 41 44 100 44 17 19 14 32 51 3 
75 84 0 83 20 1 21 16 16 43 51 47 100 34 84 45 44 30 68 44 25 98 10 60 81 16 80 36 65 89 
90 70 83 0 75 20 59 87 88 95 11 17 55 7 79 2 51 32 10 6 62 39 25 45 39 38 9 14 95 35 
48 55 20 75 0 33 62 96 20 18 45 93 1 10 91 82 16 44 1 90 2 59 34 78 71 67 10 65 73 4 
27 20 1 20 33 0 4 34 27 66 84 33 0 98 80 56 84 85 90 71 26 76 61 85 97 26 82 0 41 80 
54 66 21 59 62 4 0 97 34 55 28 93 58 9 42 87 14 48 21 0 32 83 12 26 24 21 85 48 50 77 
82 61 16 87 96 34 97 0 79 76 44 99 37 48 68 40 56 65 44 61 37 83 20 38 93 15 81 94 37 41 
97 67 16 88 20 27 34 79 0 96 53 78 5 41 68 49 26 95 62 72 74 46 28 63 47 28 97 30 26 55 
100 3 43 95 18 66 55 76 96 0 21 17 82 13 5 56 48 100 16 61 45 57 37 48 56 86 12 97 98 83 
58 71 51 11 45 84 28 44 53 21 0 96 30 81 50 0 8 10 14 82 23 76 31 90 22 42 74 95 87 100 
67 20 47 17 93 33 93 99 78 17 96 0 46 55 94 50 14 99 95 59 3 81 27 72 63 4 4 0 96 98 
5 26 100 55 1 0 58 37 5 82 30 46 0 0 4 95 47 81 5 31 29 49 83 19 60 99 80 87 94 94 
67 58 34 7 10 98 9 48 41 13 81 55 0 0 57 14 40 71 73 78 78 10 93 11 96 20 91 57 26 28 
60 24 84 79 91 80 42 68 68 5 50 94 4 57 0 57 41 14 88 5 41 97 39 41 37 97 4 90 2 42 
66 56 45 2 82 56 87 40 49 56 0 50 95 14 57 0 4 3 36 69 40 48 10 1 26 6 7 5 10 78 
51 50 44 51 16 84 14 56 26 48 8 14 47 40 41 4 0 81 57 86 29 45 75 20 97 60 27 50 60 62 
66 31 30 32 44 85 48 65 95 100 10 99 81 71 14 3 81 0 73 100 23 21 49 44 58 71 46 76 98 34 
90 85 68 10 1 90 21 44 62 16 14 95 5 73 88 36 57 73 0 95 53 7 88 89 46 29 51 90 6 51 
79 49 44 6 90 71 0 61 72 61 82 59 31 78 5 69 86 100 95 0 82 70 22 46 44 85 35 3 82 45 
75 41 25 62 2 26 32 37 74 45 23 3 29 78 41 40 29 23 53 82 0 18 49 22 10 70 23 99 59 71 
54 44 98 39 59 76 83 83 46 57 76 81 49 10 97 48 45 21 7 70 18 0 52 42 3 13 58 33 93 4 
31 100 10 25 34 61 12 20 28 37 31 27 83 93 39 10 75 49 88 22 49 52 0 31 83 17 89 97 7 78 
85 44 60 45 78 85 26 38 63 48 90 72 19 11 41 1 20 44 89 46 22 42 31 0 73 3 93 31 59 35 
15 17 81 39 71 97 24 93 47 56 22 63 60 96 37 26 97 58 46 44 10 3 83 73 0 48 94 11 39 51 
78 19 16 38 67 26 21 15 28 86 42 4 99 20 97 6 60 71 29 85 70 13 17 3 48 0 68 21 11 39 
51 14 80 9 10 82 85 81 97 12 74 4 80 91 4 7 27 46 51 35 23 58 89 93 94 68 0 98 30 22 
81 32 36 14 65 0 48 94 30 97 95 0 87 57 90 5 50 76 90 3 99 33 97 31 11 21 98 0 83 82 
64 51 65 95 73 41 50 37 26 98 87 96 94 26 2 10 60 98 6 82 59 93 7 59 39 11 30 83 0 69 
18 3 89 35 4 80 77 41 55 83 100 98 94 28 42 78 62 34 51 45 71 4 78 35 51 39 22 82 69 0 
BRRBRRBRBBRBRRBBRBRBRBBBRRRBBR
