16
0 100 78 67 24 15 69 95 97 71 95 52 35 60 59 10 
100 0 98 12 15 43 40 51 38 74 58 53 33 31 51 23 
78 98 0 73 57 43 80 77 68 29 88 55 48 87 86 9 
67 12 73 0 85 96 19 62 58 72 20 30 39 81 43 98 
24 15 57 85 0 39 11 1 51 60 63 57 69 81 91 50 
15 43 43 96 39 0 36 87 35 63 94 19 72 63 84 52 
69 40 80 19 11 36 0 86 45 32 27 4 84 24 53 82 
95 51 77 62 1 87 86 0 68 3 86 86 97 73 75 65 
97 38 68 58 51 35 45 68 0 31 42 85 62 85 69 79 
71 74 29 72 60 63 32 3 31 0 56 75 64 91 88 85 
95 58 88 20 63 94 27 86 42 56 0 7 94 85 24 12 
52 53 55 30 57 19 4 86 85 75 7 0 83 74 3 100 
35 33 48 39 69 72 84 97 62 64 94 83 0 63 79 41 
60 31 87 81 81 63 24 73 85 91 85 74 63 0 56 58 
59 51 86 43 91 84 53 75 69 88 24 3 79 56 0 27 
10 23 9 98 50 52 82 65 79 85 12 100 41 58 27 0 
RRBRBRBBBBBRRBRR
