30
0 40 14 14 61 18 51 84 98 72 39 0 73 69 13 76 49 12 48 34 1 40 39 55 90 95 58 29 42 9 
40 0 55 11 61 1 87 14 37 1 67 96 3 70 61 11 56 2 67 38 10 65 44 90 44 17 70 65 82 28 
14 55 0 27 53 12 83 32 77 78 66 68 17 56 23 44 42 69 3 10 96 11 49 16 65 80 43 72 76 61 
14 11 27 0 81 84 73 27 58 10 22 21 18 8 66 63 40 2 48 98 75 56 65 33 78 33 53 37 32 77 
61 61 53 81 0 95 42 26 8 100 83 5 22 87 40 94 51 27 22 59 95 59 72 19 45 96 20 50 16 57 
18 1 12 84 95 0 99 49 34 24 57 28 44 64 40 71 27 59 54 8 64 91 73 7 75 18 93 99 52 36 
51 87 83 73 42 99 0 8 100 19 86 49 93 76 0 1 64 67 18 28 26 25 0 50 14 15 25 24 84 43 
84 14 32 27 26 49 8 0 66 86 59 66 61 99 59 82 18 35 43 48 5 96 17 22 54 61 81 95 30 36 
98 37 77 58 8 34 100 66 0 46 0 98 29 60 3 43 79 36 1 51 53 10 35 34 11 28 83 66 4 9 
72 1 78 10 100 24 19 86 46 0 11 26 50 90 87 86 39 51 25 42 80 28 79 72 60 43 22 75 27 19 
39 67 66 22 83 57 86 59 0 11 0 17 83 33 37 16 85 66 85 86 4 35 31 33 83 98 26 18 4 82 
0 96 68 21 5 28 49 66 98 26 17 0 48 14 29 22 68 94 59 47 93 14 98 48 26 60 41 8 98 32 
73 3 17 18 22 44 93 61 29 50 83 48 0 61 54 90 100 27 38 91 34 23 34 30 21 97 14 29 41 69 
69 70 56 8 87 64 76 99 60 90 33 14 61 0 27 10 16 74 20 84 14 67 50 75 97 67 35 88 51 42 
13 61 23 66 40 40 0 59 3 87 37 29 54 27 0 31 49 53 53 74 85 65 74 41 18 52 8 66 40 62 
76 11 44 63 94 71 1 82 43 86 16 22 90 10 31 0 69 82 73 73 36 15 24 74 51 65 47 5 36 36 
49 56 42 40 51 27 64 18 79 39 85 68 100 16 49 69 0 18 93 67 82 60 66 85 38 32 41 25 13 23 
12 2 69 2 27 59 67 35 36 51 66 94 27 74 53 82 18 0 62 12 71 39 89 47 72 89 70 75 79 62 
48 67 3 48 22 54 18 43 1 25 85 59 38 20 53 73 93 62 0 55 97 52 95 71 89 42 83 16 57 26 
34 38 10 98 59 8 28 48 51 42 86 47 91 84 74 73 67 12 55 0 9 46 50 90 32 74 84 58 32 77 
1 10 96 75 95 64 26 5 53 80 4 93 34 14 85 36 82 71 97 9 0 69 10 99 84 73 26 35 85 64 
40 65 11 56 59 91 25 96 10 28 35 14 23 67 65 15 60 39 52 46 69 0 76 19 99 19 88 64 57 76 
39 44 49 65 72 73 0 17 35 79 31 98 34 50 74 24 66 89 95 50 10 76 0 94 88 2 79 29 76 12 
55 90 16 33 19 7 50 22 34 72 33 48 30 75 41 74 85 47 71 90 99 19 94 0 72 65 65 29 52 29 
90 44 65 78 45 75 14 54 11 60 83 26 21 97 18 51 38 72 89 32 84 99 88 72 0 15 19 87 6 4 
95 17 80 33 96 18 15 61 28 43 98 60 97 67 52 65 32 89 42 74 73 19 2 65 15 0 29 27 79 28 
58 70 43 53 20 93 25 81 83 22 26 41 14 35 8 47 41 70 83 84 26 88 79 65 19 29 0 12 46 91 
29 65 72 37 50 99 24 95 66 75 18 8 29 88 66 5 25 75 16 58 35 64 29 29 87 27 12 0 68 27 
42 82 76 32 16 52 84 30 4 27 4 98 41 51 40 36 13 79 57 32 85 57 76 52 6 79 46 68 0 15 
9 28 61 77 57 36 43 36 9 19 82 32 69 42 62 36 23 62 26 77 64 76 12 29 4 28 91 27 15 0 
BRRRBBRRRRBBRRRRBRRBBBBBBBBRBR
