8
0 46 55 7 8 97 93 46 
46 0 79 78 30 0 92 72 
55 79 0 11 46 10 90 19 
7 78 11 0 83 32 40 33 
8 30 46 83 0 0 89 79 
97 0 10 32 0 0 51 53 
93 92 90 40 89 51 0 85 
46 72 19 33 79 53 85 0 
RBRBRBBR
