16
0 73 23 7 24 46 64 60 28 34 3 57 94 62 48 63 
73 0 54 45 12 39 61 59 53 70 0 51 42 85 7 93 
23 54 0 89 3 57 92 100 14 8 2 26 21 33 63 59 
7 45 89 0 92 6 75 13 33 51 4 17 41 82 46 80 
24 12 3 92 0 40 22 22 38 48 54 25 54 84 75 24 
46 39 57 6 40 0 31 99 10 19 80 100 69 31 75 91 
64 61 92 75 22 31 0 9 99 93 68 86 96 16 3 87 
60 59 100 13 22 99 9 0 58 60 56 66 47 62 3 74 
28 53 14 33 38 10 99 58 0 81 67 51 100 82 58 82 
34 70 8 51 48 19 93 60 81 0 49 90 68 26 78 88 
3 0 2 4 54 80 68 56 67 49 0 79 44 20 50 18 
57 51 26 17 25 100 86 66 51 90 79 0 20 62 68 43 
94 42 21 41 54 69 96 47 100 68 44 20 0 3 63 98 
62 85 33 82 84 31 16 62 82 26 20 62 3 0 99 15 
48 7 63 46 75 75 3 3 58 78 50 68 63 99 0 50 
63 93 59 80 24 91 87 74 82 88 18 43 98 15 50 0 
RBBBBRBRBRBRBRRR
