16
0 40 39 19 81 6 90 74 49 50 13 38 69 39 96 22 
40 0 28 53 57 11 22 97 7 71 33 56 46 94 45 75 
39 28 0 95 27 23 72 58 56 0 62 71 84 49 58 29 
19 53 95 0 90 16 81 0 36 0 52 83 13 63 79 58 
81 57 27 90 0 17 97 41 52 4 92 47 32 33 16 38 
6 11 23 16 17 0 13 28 72 69 68 63 12 98 89 74 
90 22 72 81 97 13 0 89 45 81 24 28 73 65 49 17 
74 97 58 0 41 28 89 0 28 50 92 87 74 83 3 27 
49 7 56 36 52 72 45 28 0 43 39 0 81 15 92 85 
50 71 0 0 4 69 81 50 43 0 14 11 66 26 94 11 
13 33 62 52 92 68 24 92 39 14 0 69 60 70 29 89 
38 56 71 83 47 63 28 87 0 11 69 0 58 74 46 94 
69 46 84 13 32 12 73 74 81 66 60 58 0 33 38 73 
39 94 49 63 33 98 65 83 15 26 70 74 33 0 70 59 
96 45 58 79 16 89 49 3 92 94 29 46 38 70 0 32 
22 75 29 58 38 74 17 27 85 11 89 94 73 59 32 0 
RBRBBRRRBRRBBBBR
