24
0 57 66 46 73 68 90 23 100 84 28 34 21 96 62 10 18 71 23 6 68 0 91 89 
57 0 33 90 49 62 15 77 51 82 79 65 24 100 53 20 88 53 78 57 52 69 86 99 
66 33 0 99 85 70 71 31 36 50 51 11 43 69 58 1 46 51 27 54 80 63 1 7 
46 90 99 0 72 75 45 30 45 91 70 61 41 13 7 73 56 79 38 19 52 6 6 3 
73 49 85 72 0 47 0 60 59 71 30 55 32 17 92 78 27 74 55 1 24 95 40 69 
68 62 70 75 47 0 51 40 74 26 24 13 82 94 49 9 55 25 84 91 88 26 96 89 
90 15 71 45 0 51 0 65 42 18 74 37 31 82 75 83 65 18 64 86 6 88 71 85 
23 77 31 30 60 40 65 0 5 34 29 38 47 62 25 68 100 98 98 36 28 63 5 1 
100 51 36 45 59 74 42 5 0 15 39 81 27 5 33 7 27 78 57 12 82 99 82 31 
84 82 50 91 71 26 18 34 15 0 7 4 27 1 74 72 87 100 64 7 17 43 68 87 
28 79 51 70 30 24 74 29 39 7 0 1 75 88 28 61 27 12 18 78 2 95 88 0 
34 65 11 61 55 13 37 38 81 4 1 0 53 10 55 95 35 60 67 20 94 1 97 95 
21 24 43 41 32 82 31 47 27 27 75 53 0 99 32 56 64 55 3 92 64 62 63 64 
96 100 69 13 17 94 82 62 5 1 88 10 99 0 43 6 60 49 38 14 100 4 67 37 
62 53 58 7 92 49 75 25 33 74 28 55 32 43 0 8 79 81 30 82 78 21 7 9 
10 20 1 73 78 9 83 68 7 72 61 95 56 6 8 0 45 1 58 62 19 2 55 76 
18 88 46 56 27 55 65 100 27 87 27 35 64 60 79 45 0 75 88 14 23 72 54 61 
71 53 51 79 74 25 18 98 78 100 12 60 55 49 81 1 75 0 35 62 65 63 31 54 
23 78 27 38 55 84 64 98 57 64 18 67 3 38 30 58 88 35 0 39 47 85 12 14 
6 57 54 19 1 91 86 36 12 7 78 20 92 14 82 62 14 62 39 0 74 2 35 61 
68 52 80 52 24 88 6 28 82 17 2 94 64 100 78 19 23 65 47 74 0 96 49 96 
0 69 63 6 95 26 88 63 99 43 95 1 62 4 21 2 72 63 85 2 96 0 55 53 
91 86 1 6 40 96 71 5 82 68 88 97 63 67 7 55 54 31 12 35 49 55 0 32 
89 99 7 3 69 89 85 1 31 87 0 95 64 37 9 76 61 54 14 61 96 53 32 0 
RBBRBRBRBBRBRRBBRBRRBBRR
