32
0 12 86 96 86 26 5 78 7 85 23 84 73 52 54 48 32 83 16 38 78 78 55 31 5 94 67 93 100 46 31 26 
12 0 58 27 88 65 42 85 82 28 19 97 99 65 67 4 83 21 100 8 57 43 26 58 71 30 77 17 56 47 76 40 
86 58 0 35 74 60 68 28 70 98 39 74 93 79 39 55 30 8 35 38 93 80 2 55 87 18 74 28 13 96 52 59 
96 27 35 0 87 97 55 47 15 51 60 6 15 65 13 14 27 89 3 60 12 0 13 68 0 37 92 99 46 14 33 83 
86 88 74 87 0 15 9 26 75 96 63 83 5 29 21 71 61 5 100 75 4 31 41 47 87 100 3 33 48 80 88 56 
26 65 60 97 15 0 79 44 24 77 82 18 63 62 20 5 50 20 95 72 21 80 36 63 40 11 8 76 14 56 45 75 
5 42 68 55 9 79 0 72 2 8 2 57 60 7 36 58 12 97 49 0 4 98 4 93 58 68 71 14 74 29 83 59 
78 85 28 47 26 44 72 0 27 12 62 57 36 16 3 75 2 83 62 47 9 63 28 70 96 9 74 5 94 2 65 73 
7 82 70 15 75 24 2 27 0 80 93 43 48 92 70 13 73 39 86 50 8 26 32 86 42 42 13 89 86 9 25 31 
85 28 98 51 96 77 8 12 80 0 95 50 58 73 100 53 5 95 18 49 82 88 40 93 17 31 80 63 23 85 27 35 
23 19 39 60 63 82 2 62 93 95 0 63 51 15 17 51 56 14 1 15 86 36 79 40 11 28 59 5 50 36 26 55 
84 97 74 6 83 18 57 57 43 50 63 0 8 53 45 47 78 35 83 68 89 71 20 73 39 91 66 66 25 15 70 42 
73 99 93 15 5 63 60 36 48 58 51 8 0 95 17 42 43 70 32 81 77 76 8 76 99 100 35 88 19 94 9 69 
52 65 79 65 29 62 7 16 92 73 15 53 95 0 48 59 43 44 64 9 46 31 93 93 18 100 4 11 84 11 67 75 
54 67 39 13 21 20 36 3 70 100 17 45 17 48 0 37 61 71 21 99 46 68 23 13 49 12 74 42 89 10 41 91 
48 4 55 14 71 5 58 75 13 53 51 47 42 59 37 0 69 21 67 18 72 43 17 60 100 3 76 8 43 94 36 30 
32 83 30 27 61 50 12 2 73 5 56 78 43 43 61 69 0 92 66 38 29 34 33 70 86 10 21 69 84 38 55 73 
83 21 8 89 5 20 97 83 39 95 14 35 70 44 71 21 92 0 60 100 38 62 9 24 91 23 60 41 13 18 1 60 
16 100 35 3 100 95 49 62 86 18 1 83 32 64 21 67 66 60 0 19 38 13 90 37 81 50 51 6 30 33 97 99 
38 8 38 60 75 72 0 47 50 49 15 68 81 9 99 18 38 100 19 0 41 1 76 99 36 59 74 84 71 7 51 16 
78 57 93 12 4 21 4 9 8 82 86 89 77 46 46 72 29 38 38 41 0 59 75 5 39 85 89 47 91 52 95 20 
78 43 80 0 31 80 98 63 26 88 36 71 76 31 68 43 34 62 13 1 59 0 71 51 2 56 90 89 59 95 34 65 
55 26 2 13 41 36 4 28 32 40 79 20 8 93 23 17 33 9 90 76 75 71 0 70 47 96 31 77 94 85 52 24 
31 58 55 68 47 63 93 70 86 93 40 73 76 93 13 60 70 24 37 99 5 51 70 0 47 73 0 70 82 83 67 2 
5 71 87 0 87 40 58 96 42 17 11 39 99 18 49 100 86 91 81 36 39 2 47 47 0 82 43 45 18 81 42 50 
94 30 18 37 100 11 68 9 42 31 28 91 100 100 12 3 10 23 50 59 85 56 96 73 82 0 87 22 39 37 10 94 
67 77 74 92 3 8 71 74 13 80 59 66 35 4 74 76 21 60 51 74 89 90 31 0 43 87 0 16 67 86 14 60 
93 17 28 99 33 76 14 5 89 63 5 66 88 11 42 8 69 41 6 84 47 89 77 70 45 22 16 0 6 27 9 73 
100 56 13 46 48 14 74 94 86 23 50 25 19 84 89 43 84 13 30 71 91 59 94 82 18 39 67 6 0 53 42 22 
46 47 96 14 80 56 29 2 9 85 36 15 94 11 10 94 38 18 33 7 52 95 85 83 81 37 86 27 53 0 12 9 
31 76 52 33 88 45 83 65 25 27 26 70 9 67 41 36 55 1 97 51 95 34 52 67 42 10 14 9 42 12 0 69 
26 40 59 83 56 75 59 73 31 35 55 42 69 75 91 30 73 60 99 16 20 65 24 2 50 94 60 73 22 9 69 0 
RBBRBBRRBRRBRRBRBBRBRBRRRBBBRRBB
