24
0 6 55 94 52 16 93 40 24 29 69 10 58 38 5 85 15 4 1 31 40 35 50 95 
6 0 19 94 13 42 9 99 36 89 25 95 40 11 80 97 47 1 69 51 75 10 37 9 
55 19 0 1 25 49 82 23 84 5 21 31 32 5 15 7 92 38 89 33 26 53 80 50 
94 94 1 0 79 95 70 79 98 86 63 11 95 56 33 49 86 52 58 59 98 47 63 99 
52 13 25 79 0 22 38 2 45 58 75 88 19 40 62 91 19 85 75 96 66 35 13 60 
16 42 49 95 22 0 97 18 78 61 65 75 6 3 27 44 67 100 73 92 41 37 26 8 
93 9 82 70 38 97 0 75 91 97 11 35 97 17 47 13 16 7 42 82 6 9 38 92 
40 99 23 79 2 18 75 0 46 55 92 65 27 32 25 30 45 19 80 21 8 41 19 51 
24 36 84 98 45 78 91 46 0 66 69 38 14 95 77 23 76 43 2 27 26 10 90 22 
29 89 5 86 58 61 97 55 66 0 30 90 23 46 80 27 85 47 49 6 56 63 65 17 
69 25 21 63 75 65 11 92 69 30 0 0 65 46 52 27 7 47 79 51 35 27 41 64 
10 95 31 11 88 75 35 65 38 90 0 0 72 64 4 72 73 3 7 9 11 17 31 36 
58 40 32 95 19 6 97 27 14 23 65 72 0 3 37 76 93 37 20 80 54 84 93 76 
38 11 5 56 40 3 17 32 95 46 46 64 3 0 97 87 37 82 55 44 30 99 73 86 
5 80 15 33 62 27 47 25 77 80 52 4 37 97 0 24 9 23 12 27 34 81 49 61 
85 97 7 49 91 44 13 30 23 27 27 72 76 87 24 0 99 75 92 2 5 12 89 38 
15 47 92 86 19 67 16 45 76 85 7 73 93 37 9 99 0 89 45 86 73 60 35 96 
4 1 38 52 85 100 7 19 43 47 47 3 37 82 23 75 89 0 74 88 69 49 53 72 
1 69 89 58 75 73 42 80 2 49 79 7 20 55 12 92 45 74 0 53 39 43 5 30 
31 51 33 59 96 92 82 21 27 6 51 9 80 44 27 2 86 88 53 0 70 84 91 100 
40 75 26 98 66 41 6 8 26 56 35 11 54 30 34 5 73 69 39 70 0 93 13 44 
35 10 53 47 35 37 9 41 10 63 27 17 84 99 81 12 60 49 43 84 93 0 34 84 
50 37 80 63 13 26 38 19 90 65 41 31 93 73 49 89 35 53 5 91 13 34 0 65 
95 9 50 99 60 8 92 51 22 17 64 36 76 86 61 38 96 72 30 100 44 84 65 0 
BBBBBRBBRBRRRRBBBRRRBRRR
