8
0 8 50 37 77 2 12 76 
8 0 71 1 38 14 25 7 
50 71 0 40 33 22 59 46 
37 1 40 0 71 65 64 41 
77 38 33 71 0 10 8 50 
2 14 22 65 10 0 12 75 
12 25 59 64 8 12 0 57 
76 7 46 41 50 75 57 0 
RBRBRBBR
