16
0 69 90 63 10 20 49 58 88 7 54 29 71 92 99 36 
69 0 77 83 46 27 19 2 22 97 22 9 44 71 66 15 
90 77 0 34 73 86 43 48 21 31 41 34 2 14 26 26 
63 83 34 0 44 83 66 100 91 9 25 94 65 95 16 28 
10 46 73 44 0 70 5 11 79 36 58 80 85 93 19 66 
20 27 86 83 70 0 69 63 32 15 50 91 73 73 61 21 
49 19 43 66 5 69 0 77 36 20 25 76 74 95 31 34 
58 2 48 100 11 63 77 0 44 84 80 66 93 20 86 79 
88 22 21 91 79 32 36 44 0 41 15 8 64 85 99 75 
7 97 31 9 36 15 20 84 41 0 45 100 84 51 68 71 
54 22 41 25 58 50 25 80 15 45 0 70 70 76 18 55 
29 9 34 94 80 91 76 66 8 100 70 0 44 24 98 51 
71 44 2 65 85 73 74 93 64 84 70 44 0 3 10 92 
92 71 14 95 93 73 95 20 85 51 76 24 3 0 51 39 
99 66 26 16 19 61 31 86 99 68 18 98 10 51 0 59 
36 15 26 28 66 21 34 79 75 71 55 51 92 39 59 0 
BRRBRRBRBBBRBRBR
