16
0 88 43 2 30 78 35 57 36 60 37 5 36 82 77 90 
88 0 87 69 59 64 44 20 49 36 39 49 28 31 42 57 
43 87 0 3 43 75 88 49 56 48 57 27 80 41 67 99 
2 69 3 0 47 83 89 67 5 83 36 84 87 24 51 55 
30 59 43 47 0 37 33 56 33 6 97 98 89 84 56 6 
78 64 75 83 37 0 13 4 19 12 31 16 86 66 85 15 
35 44 88 89 33 13 0 23 12 6 85 0 23 95 18 59 
57 20 49 67 56 4 23 0 83 80 30 57 97 46 83 24 
36 49 56 5 33 19 12 83 0 96 98 37 22 14 70 87 
60 36 48 83 6 12 6 80 96 0 59 71 95 76 13 63 
37 39 57 36 97 31 85 30 98 59 0 36 90 65 38 48 
5 49 27 84 98 16 0 57 37 71 36 0 17 96 4 36 
36 28 80 87 89 86 23 97 22 95 90 17 0 81 77 82 
82 31 41 24 84 66 95 46 14 76 65 96 81 0 34 79 
77 42 67 51 56 85 18 83 70 13 38 4 77 34 0 84 
90 57 99 55 6 15 59 24 87 63 48 36 82 79 84 0 
BRBRBBRBRRRBBRRB
