24
0 28 57 51 25 77 26 99 22 20 69 86 93 18 74 75 87 41 92 7 11 55 45 45 
28 0 47 2 95 47 12 15 79 99 30 95 8 19 49 61 80 76 87 36 89 35 13 56 
57 47 0 72 75 71 44 46 7 70 39 66 6 52 51 12 79 80 44 16 41 11 90 8 
51 2 72 0 78 5 19 55 0 88 6 37 5 5 13 62 52 38 64 52 11 55 25 31 
25 95 75 78 0 86 9 26 23 53 62 7 41 19 84 27 37 90 37 93 45 18 62 96 
77 47 71 5 86 0 34 81 36 53 94 55 8 41 69 67 14 49 83 0 57 70 11 21 
26 12 44 19 9 34 0 51 54 2 4 78 84 82 53 4 17 52 59 64 52 18 33 53 
99 15 46 55 26 81 51 0 78 29 4 13 19 95 66 63 69 29 28 2 67 82 93 99 
22 79 7 0 23 36 54 78 0 44 53 52 92 47 23 51 11 13 57 86 64 33 19 33 
20 99 70 88 53 53 2 29 44 0 30 31 0 24 96 18 38 54 77 99 72 69 14 23 
69 30 39 6 62 94 4 4 53 30 0 33 37 99 62 88 46 34 13 75 100 50 66 91 
86 95 66 37 7 55 78 13 52 31 33 0 71 7 63 100 51 12 70 100 15 5 54 39 
93 8 6 5 41 8 84 19 92 0 37 71 0 61 16 93 62 88 99 64 42 11 74 98 
18 19 52 5 19 41 82 95 47 24 99 7 61 0 42 82 56 55 4 94 80 97 40 48 
74 49 51 13 84 69 53 66 23 96 62 63 16 42 0 99 36 75 23 54 22 91 37 51 
75 61 12 62 27 67 4 63 51 18 88 100 93 82 99 0 65 44 84 63 30 96 24 16 
87 80 79 52 37 14 17 69 11 38 46 51 62 56 36 65 0 45 19 30 51 83 9 97 
41 76 80 38 90 49 52 29 13 54 34 12 88 55 75 44 45 0 56 17 12 35 93 48 
92 87 44 64 37 83 59 28 57 77 13 70 99 4 23 84 19 56 0 22 100 56 92 82 
7 36 16 52 93 0 64 2 86 99 75 100 64 94 54 63 30 17 22 0 70 5 35 3 
11 89 41 11 45 57 52 67 64 72 100 15 42 80 22 30 51 12 100 70 0 22 21 36 
55 35 11 55 18 70 18 82 33 69 50 5 11 97 91 96 83 35 56 5 22 0 26 3 
45 13 90 25 62 11 33 93 19 14 66 54 74 40 37 24 9 93 92 35 21 26 0 66 
45 56 8 31 96 21 53 99 33 23 91 39 98 48 51 16 97 48 82 3 36 3 66 0 
RRBRRRRRBBBRRBRBBBRBBBBR
