28
0 2 59 64 84 30 26 56 46 75 53 92 78 39 63 3 36 69 15 84 9 16 86 88 16 83 33 30 
2 0 81 34 26 34 45 20 94 15 99 20 73 26 40 62 71 97 3 98 12 50 84 27 60 53 73 94 
59 81 0 63 14 85 64 76 7 58 28 11 26 58 62 29 89 25 65 92 73 34 91 93 56 49 56 90 
64 34 63 0 57 83 80 73 78 58 56 57 0 94 11 28 62 32 38 92 68 31 47 57 20 48 62 59 
84 26 14 57 0 83 40 91 17 85 28 50 2 89 0 63 4 70 63 69 91 28 26 50 55 65 69 31 
30 34 85 83 83 0 29 24 56 95 94 73 45 25 71 58 54 49 97 0 58 24 29 32 48 19 70 27 
26 45 64 80 40 29 0 82 39 7 47 77 84 92 37 63 25 77 17 45 79 51 12 32 22 58 90 24 
56 20 76 73 91 24 82 0 13 75 7 85 7 14 19 67 96 89 36 44 50 45 55 70 2 53 32 69 
46 94 7 78 17 56 39 13 0 81 2 31 83 16 5 20 52 43 69 52 28 90 98 76 23 60 6 45 
75 15 58 58 85 95 7 75 81 0 41 39 27 6 68 94 46 79 68 34 73 89 2 64 39 43 88 75 
53 99 28 56 28 94 47 7 2 41 0 70 64 19 38 72 67 46 4 88 93 74 29 68 73 31 3 59 
92 20 11 57 50 73 77 85 31 39 70 0 27 78 72 38 90 50 70 48 4 85 93 45 63 63 56 69 
78 73 26 0 2 45 84 7 83 27 64 27 0 39 74 51 72 60 35 13 42 86 21 40 81 71 59 66 
39 26 58 94 89 25 92 14 16 6 19 78 39 0 23 95 98 33 75 0 73 31 8 46 37 91 79 88 
63 40 62 11 0 71 37 19 5 68 38 72 74 23 0 11 1 47 79 48 16 29 25 19 21 91 84 1 
3 62 29 28 63 58 63 67 20 94 72 38 51 95 11 0 47 61 47 78 72 77 6 15 64 54 35 78 
36 71 89 62 4 54 25 96 52 46 67 90 72 98 1 47 0 97 65 30 68 90 76 55 32 38 38 36 
69 97 25 32 70 49 77 89 43 79 46 50 60 33 47 61 97 0 26 33 39 89 11 55 7 96 78 31 
15 3 65 38 63 97 17 36 69 68 4 70 35 75 79 47 65 26 0 22 78 82 98 60 61 17 44 53 
84 98 92 92 69 0 45 44 52 34 88 48 13 0 48 78 30 33 22 0 7 91 84 39 72 43 57 48 
9 12 73 68 91 58 79 50 28 73 93 4 42 73 16 72 68 39 78 7 0 65 94 34 79 2 4 71 
16 50 34 31 28 24 51 45 90 89 74 85 86 31 29 77 90 89 82 91 65 0 27 93 86 19 35 5 
86 84 91 47 26 29 12 55 98 2 29 93 21 8 25 6 76 11 98 84 94 27 0 43 74 3 64 17 
88 27 93 57 50 32 32 70 76 64 68 45 40 46 19 15 55 55 60 39 34 93 43 0 2 53 51 4 
16 60 56 20 55 48 22 2 23 39 73 63 81 37 21 64 32 7 61 72 79 86 74 2 0 91 68 40 
83 53 49 48 65 19 58 53 60 43 31 63 71 91 91 54 38 96 17 43 2 19 3 53 91 0 24 34 
33 73 56 62 69 70 90 32 6 88 3 56 59 79 84 35 38 78 44 57 4 35 64 51 68 24 0 9 
30 94 90 59 31 27 24 69 45 75 59 69 66 88 1 78 36 31 53 48 71 5 17 4 40 34 9 0 
RBBRRBBBBBRBRRBRRRRRBRBBBRRB
