18
0 70 92 93 29 80 30 96 6 74 59 16 71 5 12 23 22 42 
70 0 90 74 18 41 68 0 68 42 30 6 63 59 35 41 46 94 
92 90 0 33 1 17 67 25 10 38 76 48 65 11 8 98 11 81 
93 74 33 0 0 0 13 0 37 9 50 48 42 69 20 89 64 29 
29 18 1 0 0 51 10 23 43 42 11 10 73 3 93 22 26 6 
80 41 17 0 51 0 5 56 23 43 35 57 100 76 83 54 69 88 
30 68 67 13 10 5 0 12 26 48 25 85 50 50 16 28 83 56 
96 0 25 0 23 56 12 0 13 60 10 32 16 28 10 94 73 91 
6 68 10 37 43 23 26 13 0 78 93 47 38 62 67 97 24 45 
74 42 38 9 42 43 48 60 78 0 48 20 40 53 41 54 70 34 
59 30 76 50 11 35 25 10 93 48 0 31 76 82 60 17 87 83 
16 6 48 48 10 57 85 32 47 20 31 0 32 64 75 6 21 83 
71 63 65 42 73 100 50 16 38 40 76 32 0 0 49 59 59 24 
5 59 11 69 3 76 50 28 62 53 82 64 0 0 18 13 13 95 
12 35 8 20 93 83 16 10 67 41 60 75 49 18 0 37 31 80 
23 41 98 89 22 54 28 94 97 54 17 6 59 13 37 0 4 67 
22 46 11 64 26 69 83 73 24 70 87 21 59 13 31 4 0 80 
42 94 81 29 6 88 56 91 45 34 83 83 24 95 80 67 80 0 
BBBRBRRBBRRRRRBBBR
