20
0 77 64 50 33 41 8 25 19 95 41 89 9 33 57 10 40 63 75 52 
77 0 19 3 76 1 87 35 71 83 57 82 11 28 32 28 25 40 78 76 
64 19 0 18 77 94 73 84 67 60 75 62 96 98 50 26 49 25 29 69 
50 3 18 0 36 89 69 27 32 59 15 64 36 24 37 69 68 42 74 75 
33 76 77 36 0 66 58 12 91 19 42 2 3 77 29 72 43 20 15 76 
41 1 94 89 66 0 75 2 34 93 19 25 61 100 60 3 24 97 36 32 
8 87 73 69 58 75 0 21 14 35 24 98 50 67 10 17 48 9 83 70 
25 35 84 27 12 2 21 0 17 75 74 38 7 61 20 10 9 1 14 46 
19 71 67 32 91 34 14 17 0 1 79 24 37 81 82 89 1 73 97 69 
95 83 60 59 19 93 35 75 1 0 81 53 72 49 14 16 31 12 88 59 
41 57 75 15 42 19 24 74 79 81 0 79 10 49 43 15 49 38 44 73 
89 82 62 64 2 25 98 38 24 53 79 0 2 15 79 57 20 44 52 18 
9 11 96 36 3 61 50 7 37 72 10 2 0 17 16 20 6 38 19 94 
33 28 98 24 77 100 67 61 81 49 49 15 17 0 99 95 38 42 7 34 
57 32 50 37 29 60 10 20 82 14 43 79 16 99 0 90 68 34 90 93 
10 28 26 69 72 3 17 10 89 16 15 57 20 95 90 0 96 39 80 1 
40 25 49 68 43 24 48 9 1 31 49 20 6 38 68 96 0 4 67 43 
63 40 25 42 20 97 9 1 73 12 38 44 38 42 34 39 4 0 71 74 
75 78 29 74 15 36 83 14 97 88 44 52 19 7 90 80 67 71 0 78 
52 76 69 75 76 32 70 46 69 59 73 18 94 34 93 1 43 74 78 0 
RRBRBRBRRBRRRBRBBBBB
