24
0 57 90 40 3 68 85 51 60 14 74 39 66 84 16 62 20 68 38 8 40 4 51 35 
57 0 79 77 21 7 82 91 1 57 56 0 95 45 64 5 8 28 62 22 99 26 19 22 
90 79 0 0 51 63 54 40 1 98 10 22 2 65 76 59 56 83 50 22 89 96 62 79 
40 77 0 0 12 89 80 66 93 9 36 95 15 95 7 49 28 96 64 70 68 83 92 96 
3 21 51 12 0 4 25 73 29 48 30 71 85 45 22 72 30 85 62 72 99 91 98 0 
68 7 63 89 4 0 24 10 74 41 82 40 17 46 86 59 67 27 26 79 35 3 14 65 
85 82 54 80 25 24 0 68 78 42 100 20 49 39 6 41 19 99 6 44 86 96 38 47 
51 91 40 66 73 10 68 0 25 55 68 21 23 27 38 28 18 31 53 7 64 1 54 58 
60 1 1 93 29 74 78 25 0 44 12 22 44 91 65 48 96 14 57 24 31 9 25 13 
14 57 98 9 48 41 42 55 44 0 38 48 17 65 19 0 97 36 43 1 14 18 52 64 
74 56 10 36 30 82 100 68 12 38 0 97 21 100 58 17 93 73 36 34 51 98 53 10 
39 0 22 95 71 40 20 21 22 48 97 0 95 3 28 51 0 48 1 69 95 30 89 81 
66 95 2 15 85 17 49 23 44 17 21 95 0 24 50 20 43 88 85 92 33 78 58 84 
84 45 65 95 45 46 39 27 91 65 100 3 24 0 8 87 11 78 71 43 22 51 64 23 
16 64 76 7 22 86 6 38 65 19 58 28 50 8 0 17 67 82 51 44 29 54 41 100 
62 5 59 49 72 59 41 28 48 0 17 51 20 87 17 0 99 19 47 83 55 84 96 85 
20 8 56 28 30 67 19 18 96 97 93 0 43 11 67 99 0 70 52 70 50 24 41 17 
68 28 83 96 85 27 99 31 14 36 73 48 88 78 82 19 70 0 21 80 86 94 50 83 
38 62 50 64 62 26 6 53 57 43 36 1 85 71 51 47 52 21 0 34 67 89 88 51 
8 22 22 70 72 79 44 7 24 1 34 69 92 43 44 83 70 80 34 0 18 17 50 35 
40 99 89 68 99 35 86 64 31 14 51 95 33 22 29 55 50 86 67 18 0 50 21 56 
4 26 96 83 91 3 96 1 9 18 98 30 78 51 54 84 24 94 89 17 50 0 26 34 
51 19 62 92 98 14 38 54 25 52 53 89 58 64 41 96 41 50 88 50 21 26 0 89 
35 22 79 96 0 65 47 58 13 64 10 81 84 23 100 85 17 83 51 35 56 34 89 0 
RRRRRBBBBBBRRRBRRRBBBRBB
