26
0 93 95 2 80 79 58 34 84 52 12 71 75 33 4 81 86 38 52 39 100 39 27 46 46 70 
93 0 82 21 40 47 48 82 64 72 27 21 93 36 46 40 52 92 53 74 6 14 100 10 15 79 
95 82 0 3 77 69 58 66 75 22 88 13 52 53 64 72 81 40 99 94 38 98 45 80 64 37 
2 21 3 0 7 87 3 73 86 15 78 56 27 94 43 58 58 77 96 40 38 100 2 36 69 62 
80 40 77 7 0 87 75 39 19 100 32 34 45 97 59 64 91 27 85 79 0 39 56 99 73 64 
79 47 69 87 87 0 33 14 46 86 25 69 60 49 30 66 34 98 100 91 78 58 42 25 10 63 
58 48 58 3 75 33 0 86 9 0 87 3 85 45 33 5 30 25 42 46 90 37 32 90 60 47 
34 82 66 73 39 14 86 0 17 67 30 79 38 51 64 39 84 60 11 29 10 22 14 5 42 74 
84 64 75 86 19 46 9 17 0 2 23 99 26 88 84 92 14 40 55 28 22 87 25 99 35 31 
52 72 22 15 100 86 0 67 2 0 70 59 66 38 80 36 3 14 70 34 31 1 15 55 11 87 
12 27 88 78 32 25 87 30 23 70 0 40 100 25 94 3 4 0 10 33 35 87 43 89 17 2 
71 21 13 56 34 69 3 79 99 59 40 0 77 43 22 21 80 96 0 86 64 58 60 50 81 16 
75 93 52 27 45 60 85 38 26 66 100 77 0 58 100 84 27 41 42 98 1 44 15 16 12 28 
33 36 53 94 97 49 45 51 88 38 25 43 58 0 69 79 84 10 45 67 29 36 100 26 82 66 
4 46 64 43 59 30 33 64 84 80 94 22 100 69 0 54 82 56 98 42 37 8 84 57 16 57 
81 40 72 58 64 66 5 39 92 36 3 21 84 79 54 0 0 86 99 66 41 11 44 19 43 71 
86 52 81 58 91 34 30 84 14 3 4 80 27 84 82 0 0 46 83 56 90 85 46 42 11 52 
38 92 40 77 27 98 25 60 40 14 0 96 41 10 56 86 46 0 80 48 66 92 20 19 53 40 
52 53 99 96 85 100 42 11 55 70 10 0 42 45 98 99 83 80 0 84 40 10 21 32 100 1 
39 74 94 40 79 91 46 29 28 34 33 86 98 67 42 66 56 48 84 0 64 87 51 60 82 61 
100 6 38 38 0 78 90 10 22 31 35 64 1 29 37 41 90 66 40 64 0 70 13 89 32 2 
39 14 98 100 39 58 37 22 87 1 87 58 44 36 8 11 85 92 10 87 70 0 18 65 77 98 
27 100 45 2 56 42 32 14 25 15 43 60 15 100 84 44 46 20 21 51 13 18 0 4 95 67 
46 10 80 36 99 25 90 5 99 55 89 50 16 26 57 19 42 19 32 60 89 65 4 0 72 72 
46 15 64 69 73 10 60 42 35 11 17 81 12 82 16 43 11 53 100 82 32 77 95 72 0 94 
70 79 37 62 64 63 47 74 31 87 2 16 28 66 57 71 52 40 1 61 2 98 67 72 94 0 
RRBBRBRRRBRBRBBBRBBBRRBRRB
