10
0 73 19 39 91 16 75 48 72 33 
73 0 98 42 10 66 34 63 35 36 
19 98 0 90 10 50 99 65 77 17 
39 42 90 0 28 91 12 39 35 36 
91 10 10 28 0 20 6 8 7 0 
16 66 50 91 20 0 6 46 54 54 
75 34 99 12 6 6 0 16 38 26 
48 63 65 39 8 46 16 0 27 61 
72 35 77 35 7 54 38 27 0 8 
33 36 17 36 0 54 26 61 8 0 
RRRBBRRBBB
