6
0 98 30 10 85 34 
98 0 23 52 38 48 
30 23 0 13 65 11 
10 52 13 0 72 84 
85 38 65 72 0 62 
34 48 11 84 62 0 
BRBBRR
