24
0 51 29 50 0 4 65 31 33 3 11 98 78 52 82 87 70 42 87 34 90 27 59 100 
51 0 9 92 56 14 35 77 43 92 85 79 98 88 21 98 36 19 72 23 94 66 98 6 
29 9 0 76 100 89 19 38 97 26 76 15 96 17 74 68 26 83 26 59 73 85 56 40 
50 92 76 0 82 2 86 97 80 60 36 45 63 20 59 22 28 29 31 5 20 72 57 57 
0 56 100 82 0 88 72 95 54 60 77 84 35 37 33 9 6 98 15 46 24 35 89 33 
4 14 89 2 88 0 83 54 72 44 20 32 59 88 77 51 18 50 12 29 51 30 83 98 
65 35 19 86 72 83 0 51 34 8 35 7 33 9 42 53 55 97 1 41 56 45 67 47 
31 77 38 97 95 54 51 0 21 31 73 71 30 89 41 46 93 83 35 75 35 16 71 78 
33 43 97 80 54 72 34 21 0 92 8 89 93 53 73 43 42 57 53 29 36 41 64 85 
3 92 26 60 60 44 8 31 92 0 72 1 21 16 78 69 75 28 47 28 49 53 65 7 
11 85 76 36 77 20 35 73 8 72 0 28 41 40 57 33 67 31 65 19 54 48 57 88 
98 79 15 45 84 32 7 71 89 1 28 0 10 30 16 29 19 54 78 0 48 9 11 63 
78 98 96 63 35 59 33 30 93 21 41 10 0 13 98 80 19 48 95 18 68 44 95 64 
52 88 17 20 37 88 9 89 53 16 40 30 13 0 26 91 87 31 72 85 45 64 30 61 
82 21 74 59 33 77 42 41 73 78 57 16 98 26 0 0 85 28 45 76 63 78 60 95 
87 98 68 22 9 51 53 46 43 69 33 29 80 91 0 0 84 36 46 16 16 20 46 45 
70 36 26 28 6 18 55 93 42 75 67 19 19 87 85 84 0 16 25 66 41 60 89 23 
42 19 83 29 98 50 97 83 57 28 31 54 48 31 28 36 16 0 24 53 67 47 73 61 
87 72 26 31 15 12 1 35 53 47 65 78 95 72 45 46 25 24 0 60 22 99 6 10 
34 23 59 5 46 29 41 75 29 28 19 0 18 85 76 16 66 53 60 0 64 15 7 76 
90 94 73 20 24 51 56 35 36 49 54 48 68 45 63 16 41 67 22 64 0 11 73 51 
27 66 85 72 35 30 45 16 41 53 48 9 44 64 78 20 60 47 99 15 11 0 91 6 
59 98 56 57 89 83 67 71 64 65 57 11 95 30 60 46 89 73 6 7 73 91 0 16 
100 6 40 57 33 98 47 78 85 7 88 63 64 61 95 45 23 61 10 76 51 6 16 0 
BRBBBBRRBRRRBBRRBRRBRBRB
