26
0 47 87 28 7 84 41 52 83 100 30 60 41 31 56 37 31 81 82 70 84 3 50 80 85 33 
47 0 86 29 92 69 8 33 4 33 20 70 57 38 97 40 21 1 58 100 72 68 22 67 89 1 
87 86 0 32 68 86 41 87 53 72 61 6 92 53 100 57 67 15 59 57 91 96 27 36 86 62 
28 29 32 0 40 87 16 50 20 71 95 46 52 26 65 88 100 9 78 19 34 76 96 16 50 67 
7 92 68 40 0 70 6 95 67 20 7 19 8 61 23 95 40 3 16 94 28 16 28 84 72 61 
84 69 86 87 70 0 35 64 92 32 48 55 43 14 54 47 9 63 49 71 32 38 34 72 75 27 
41 8 41 16 6 35 0 72 38 53 48 24 58 87 63 76 12 97 75 27 10 28 86 77 73 54 
52 33 87 50 95 64 72 0 18 98 76 19 53 5 29 52 40 72 78 81 21 0 69 18 33 59 
83 4 53 20 67 92 38 18 0 63 81 90 7 86 66 65 77 73 33 36 17 36 98 67 57 15 
100 33 72 71 20 32 53 98 63 0 18 11 28 31 14 99 19 98 65 97 45 23 1 16 79 72 
30 20 61 95 7 48 48 76 81 18 0 59 47 54 72 20 77 6 23 14 100 66 10 3 40 6 
60 70 6 46 19 55 24 19 90 11 59 0 23 57 0 41 49 78 39 89 6 67 8 13 63 88 
41 57 92 52 8 43 58 53 7 28 47 23 0 12 52 85 59 40 31 81 23 64 51 31 80 22 
31 38 53 26 61 14 87 5 86 31 54 57 12 0 80 55 53 85 1 85 36 1 54 78 34 68 
56 97 100 65 23 54 63 29 66 14 72 0 52 80 0 71 78 21 33 88 63 92 16 11 69 1 
37 40 57 88 95 47 76 52 65 99 20 41 85 55 71 0 93 81 17 78 41 41 10 97 31 71 
31 21 67 100 40 9 12 40 77 19 77 49 59 53 78 93 0 94 78 61 27 97 24 47 25 85 
81 1 15 9 3 63 97 72 73 98 6 78 40 85 21 81 94 0 53 51 91 43 6 11 79 0 
82 58 59 78 16 49 75 78 33 65 23 39 31 1 33 17 78 53 0 45 81 17 54 27 15 71 
70 100 57 19 94 71 27 81 36 97 14 89 81 85 88 78 61 51 45 0 76 39 54 71 52 63 
84 72 91 34 28 32 10 21 17 45 100 6 23 36 63 41 27 91 81 76 0 92 62 86 87 17 
3 68 96 76 16 38 28 0 36 23 66 67 64 1 92 41 97 43 17 39 92 0 81 36 71 11 
50 22 27 96 28 34 86 69 98 1 10 8 51 54 16 10 24 6 54 54 62 81 0 39 20 40 
80 67 36 16 84 72 77 18 67 16 3 13 31 78 11 97 47 11 27 71 86 36 39 0 80 63 
85 89 86 50 72 75 73 33 57 79 40 63 80 34 69 31 25 79 15 52 87 71 20 80 0 86 
33 1 62 67 61 27 54 59 15 72 6 88 22 68 1 71 85 0 71 63 17 11 40 63 86 0 
BBRBRRRBRBRBRRRBRBRBBBBBRR
