18
0 48 62 78 20 38 77 29 20 56 15 87 22 78 59 44 45 82 
48 0 81 60 82 72 4 21 6 48 90 42 91 71 96 52 56 32 
62 81 0 58 82 22 49 22 97 92 1 41 41 82 26 4 60 61 
78 60 58 0 34 2 76 8 79 44 77 20 46 45 26 46 48 61 
20 82 82 34 0 17 94 69 89 57 8 14 38 67 51 28 97 63 
38 72 22 2 17 0 50 5 28 17 57 30 60 27 13 12 42 23 
77 4 49 76 94 50 0 96 15 89 72 70 14 43 3 88 50 37 
29 21 22 8 69 5 96 0 75 11 62 76 89 8 55 60 4 28 
20 6 97 79 89 28 15 75 0 54 46 90 19 27 28 2 92 95 
56 48 92 44 57 17 89 11 54 0 52 82 42 47 60 48 7 56 
15 90 1 77 8 57 72 62 46 52 0 41 97 81 97 16 41 53 
87 42 41 20 14 30 70 76 90 82 41 0 35 90 64 35 63 20 
22 91 41 46 38 60 14 89 19 42 97 35 0 100 33 50 13 49 
78 71 82 45 67 27 43 8 27 47 81 90 100 0 57 39 97 79 
59 96 26 26 51 13 3 55 28 60 97 64 33 57 0 97 89 3 
44 52 4 46 28 12 88 60 2 48 16 35 50 39 97 0 21 6 
45 56 60 48 97 42 50 4 92 7 41 63 13 97 89 21 0 62 
82 32 61 61 63 23 37 28 95 56 53 20 49 79 3 6 62 0 
BBRRBBRBRBBRBRBRRR
