16
0 58 25 56 75 53 45 25 62 10 29 0 69 93 10 78 
58 0 48 91 31 52 30 90 95 92 70 79 96 48 9 1 
25 48 0 36 46 25 74 42 3 92 96 38 53 31 72 43 
56 91 36 0 22 92 11 55 82 70 5 37 15 16 80 33 
75 31 46 22 0 80 30 45 40 78 8 52 11 5 97 86 
53 52 25 92 80 0 87 91 69 79 5 55 63 1 82 19 
45 30 74 11 30 87 0 88 68 83 17 57 93 58 75 42 
25 90 42 55 45 91 88 0 81 61 8 74 79 26 93 67 
62 95 3 82 40 69 68 81 0 79 80 49 87 19 78 28 
10 92 92 70 78 79 83 61 79 0 77 60 62 41 99 53 
29 70 96 5 8 5 17 8 80 77 0 83 77 82 34 94 
0 79 38 37 52 55 57 74 49 60 83 0 15 23 81 56 
69 96 53 15 11 63 93 79 87 62 77 15 0 75 56 47 
93 48 31 16 5 1 58 26 19 41 82 23 75 0 87 15 
10 9 72 80 97 82 75 93 78 99 34 81 56 87 0 30 
78 1 43 33 86 19 42 67 28 53 94 56 47 15 30 0 
RBBBRBBRRRRBBRBR
