24
0 25 19 58 3 89 62 63 64 89 31 47 26 2 91 65 24 46 22 35 54 5 42 12 
25 0 47 78 16 100 65 87 1 12 4 2 93 24 20 39 19 87 71 10 13 88 5 88 
19 47 0 80 4 33 59 58 36 28 19 56 50 91 76 31 72 88 13 95 95 71 63 32 
58 78 80 0 59 51 19 82 25 0 26 46 55 66 85 17 92 56 35 21 4 63 3 73 
3 16 4 59 0 49 93 53 70 18 4 22 49 89 55 99 17 2 97 9 0 34 49 14 
89 100 33 51 49 0 33 68 58 28 87 63 98 54 5 48 11 15 78 36 16 57 66 34 
62 65 59 19 93 33 0 25 87 57 100 63 46 54 68 42 48 78 52 52 71 97 68 34 
63 87 58 82 53 68 25 0 86 0 63 22 62 54 65 74 88 77 75 14 7 77 4 74 
64 1 36 25 70 58 87 86 0 38 90 6 92 20 100 40 38 98 14 84 62 14 14 84 
89 12 28 0 18 28 57 0 38 0 61 50 68 25 83 65 41 13 64 73 13 87 70 90 
31 4 19 26 4 87 100 63 90 61 0 7 32 35 66 34 15 33 98 22 60 61 18 2 
47 2 56 46 22 63 63 22 6 50 7 0 84 41 84 23 90 93 79 37 2 77 16 60 
26 93 50 55 49 98 46 62 92 68 32 84 0 85 38 1 41 3 72 22 40 47 25 13 
2 24 91 66 89 54 54 54 20 25 35 41 85 0 32 12 22 61 60 87 0 29 32 47 
91 20 76 85 55 5 68 65 100 83 66 84 38 32 0 86 85 35 48 41 11 53 80 44 
65 39 31 17 99 48 42 74 40 65 34 23 1 12 86 0 26 22 43 94 66 75 4 66 
24 19 72 92 17 11 48 88 38 41 15 90 41 22 85 26 0 13 88 4 37 49 75 35 
46 87 88 56 2 15 78 77 98 13 33 93 3 61 35 22 13 0 22 24 76 3 40 71 
22 71 13 35 97 78 52 75 14 64 98 79 72 60 48 43 88 22 0 9 10 8 94 3 
35 10 95 21 9 36 52 14 84 73 22 37 22 87 41 94 4 24 9 0 8 93 69 6 
54 13 95 4 0 16 71 7 62 13 60 2 40 0 11 66 37 76 10 8 0 96 35 70 
5 88 71 63 34 57 97 77 14 87 61 77 47 29 53 75 49 3 8 93 96 0 15 88 
42 5 63 3 49 66 68 4 14 70 18 16 25 32 80 4 75 40 94 69 35 15 0 23 
12 88 32 73 14 34 34 74 84 90 2 60 13 47 44 66 35 71 3 6 70 88 23 0 
RRBBBRBBBBRBBBRRRRBRBRRR
