16
0 33 78 50 85 20 65 74 60 19 81 30 86 87 0 45 
33 0 17 18 76 48 34 88 63 17 43 51 26 8 84 85 
78 17 0 84 76 93 12 18 13 64 57 28 82 81 92 17 
50 18 84 0 84 91 50 55 99 12 20 2 24 94 8 2 
85 76 76 84 0 85 11 18 43 0 57 43 68 78 24 1 
20 48 93 91 85 0 20 94 48 96 38 24 43 97 79 2 
65 34 12 50 11 20 0 73 32 48 77 81 27 41 74 7 
74 88 18 55 18 94 73 0 80 85 23 0 85 75 72 50 
60 63 13 99 43 48 32 80 0 75 77 27 24 9 61 58 
19 17 64 12 0 96 48 85 75 0 70 88 88 24 11 82 
81 43 57 20 57 38 77 23 77 70 0 21 16 34 33 95 
30 51 28 2 43 24 81 0 27 88 21 0 46 58 21 12 
86 26 82 24 68 43 27 85 24 88 16 46 0 15 76 7 
87 8 81 94 78 97 41 75 9 24 34 58 15 0 27 61 
0 84 92 8 24 79 74 72 61 11 33 21 76 27 0 67 
45 85 17 2 1 2 7 50 58 82 95 12 7 61 67 0 
BBRRRBRRBBRBRBRB
