24
0 26 47 10 7 95 63 83 61 71 17 96 25 80 19 87 1 88 17 46 59 17 61 19 
26 0 57 84 56 39 76 52 28 61 10 38 91 62 68 84 94 49 39 82 75 59 25 62 
47 57 0 25 29 1 46 93 76 22 20 50 68 37 1 23 99 16 31 78 99 65 97 88 
10 84 25 0 64 22 95 46 68 64 2 9 67 36 27 27 41 50 50 18 82 69 85 72 
7 56 29 64 0 36 0 30 18 27 93 64 24 41 78 5 79 18 50 73 70 64 41 32 
95 39 1 22 36 0 57 47 37 80 21 19 15 37 75 90 16 64 84 14 89 12 63 16 
63 76 46 95 0 57 0 47 97 10 76 19 55 33 49 35 27 42 29 71 81 29 99 59 
83 52 93 46 30 47 47 0 0 98 3 43 57 23 11 86 88 97 35 73 35 91 97 72 
61 28 76 68 18 37 97 0 0 88 0 17 89 66 80 60 85 2 91 98 37 94 55 8 
71 61 22 64 27 80 10 98 88 0 93 81 30 57 66 43 100 19 49 100 88 89 43 68 
17 10 20 2 93 21 76 3 0 93 0 78 80 75 38 7 47 18 32 86 52 43 16 76 
96 38 50 9 64 19 19 43 17 81 78 0 76 25 46 57 72 44 73 16 0 25 43 46 
25 91 68 67 24 15 55 57 89 30 80 76 0 56 66 52 22 51 12 54 99 28 96 27 
80 62 37 36 41 37 33 23 66 57 75 25 56 0 57 43 4 58 78 54 98 76 30 30 
19 68 1 27 78 75 49 11 80 66 38 46 66 57 0 80 82 73 20 39 17 33 41 98 
87 84 23 27 5 90 35 86 60 43 7 57 52 43 80 0 95 96 91 93 20 56 71 71 
1 94 99 41 79 16 27 88 85 100 47 72 22 4 82 95 0 38 5 25 27 59 86 21 
88 49 16 50 18 64 42 97 2 19 18 44 51 58 73 96 38 0 99 76 14 60 88 13 
17 39 31 50 50 84 29 35 91 49 32 73 12 78 20 91 5 99 0 59 65 12 16 60 
46 82 78 18 73 14 71 73 98 100 86 16 54 54 39 93 25 76 59 0 6 16 49 49 
59 75 99 82 70 89 81 35 37 88 52 0 99 98 17 20 27 14 65 6 0 10 87 99 
17 59 65 69 64 12 29 91 94 89 43 25 28 76 33 56 59 60 12 16 10 0 63 36 
61 25 97 85 41 63 99 97 55 43 16 43 96 30 41 71 86 88 16 49 87 63 0 72 
19 62 88 72 32 16 59 72 8 68 76 46 27 30 98 71 21 13 60 49 99 36 72 0 
RBRBRBBBBBRBRBRRRBRRRBBR
