26
0 24 98 81 9 8 81 73 26 52 53 0 66 19 7 80 0 58 81 94 69 29 5 35 8 85 
24 0 81 71 57 77 45 9 34 33 42 60 39 32 41 61 56 94 25 82 76 70 26 98 3 77 
98 81 0 79 62 100 7 88 89 18 34 31 86 46 50 80 26 99 92 17 50 49 99 100 5 52 
81 71 79 0 65 90 60 28 15 48 97 61 28 80 95 31 57 55 80 88 43 4 6 89 95 16 
9 57 62 65 0 46 65 27 57 94 94 65 65 63 76 40 20 85 37 36 19 36 84 16 32 47 
8 77 100 90 46 0 52 30 41 84 72 78 55 24 80 11 7 34 100 43 55 22 5 71 73 35 
81 45 7 60 65 52 0 99 29 39 95 20 57 52 49 25 67 53 59 28 86 64 28 63 28 84 
73 9 88 28 27 30 99 0 4 14 92 33 41 60 0 55 85 69 45 91 98 50 36 15 32 83 
26 34 89 15 57 41 29 4 0 96 43 82 17 31 40 82 55 84 40 95 53 52 100 72 54 62 
52 33 18 48 94 84 39 14 96 0 15 35 78 26 87 54 3 95 41 21 88 58 95 51 76 55 
53 42 34 97 94 72 95 92 43 15 0 79 81 20 71 35 50 94 36 89 93 75 93 48 56 34 
0 60 31 61 65 78 20 33 82 35 79 0 97 17 69 21 23 10 54 61 10 95 71 19 69 39 
66 39 86 28 65 55 57 41 17 78 81 97 0 69 9 65 90 35 21 18 75 36 91 11 43 61 
19 32 46 80 63 24 52 60 31 26 20 17 69 0 22 85 63 35 80 94 64 46 37 46 49 90 
7 41 50 95 76 80 49 0 40 87 71 69 9 22 0 69 78 85 72 87 51 38 89 89 29 99 
80 61 80 31 40 11 25 55 82 54 35 21 65 85 69 0 6 32 84 64 26 80 49 52 16 73 
0 56 26 57 20 7 67 85 55 3 50 23 90 63 78 6 0 87 91 94 38 11 19 5 31 35 
58 94 99 55 85 34 53 69 84 95 94 10 35 35 85 32 87 0 81 32 78 73 65 26 90 78 
81 25 92 80 37 100 59 45 40 41 36 54 21 80 72 84 91 81 0 57 10 45 32 30 53 30 
94 82 17 88 36 43 28 91 95 21 89 61 18 94 87 64 94 32 57 0 60 48 2 81 79 22 
69 76 50 43 19 55 86 98 53 88 93 10 75 64 51 26 38 78 10 60 0 1 98 80 88 31 
29 70 49 4 36 22 64 50 52 58 75 95 36 46 38 80 11 73 45 48 1 0 80 89 65 72 
5 26 99 6 84 5 28 36 100 95 93 71 91 37 89 49 19 65 32 2 98 80 0 0 89 55 
35 98 100 89 16 71 63 15 72 51 48 19 11 46 89 52 5 26 30 81 80 89 0 0 84 21 
8 3 5 95 32 73 28 32 54 76 56 69 43 49 29 16 31 90 53 79 88 65 89 84 0 58 
85 77 52 16 47 35 84 83 62 55 34 39 61 90 99 73 35 78 30 22 31 72 55 21 58 0 
BRBBRRRBBBBRBRBRBRBRRRBRRB
