32
0 79 91 47 78 73 56 98 25 74 32 20 31 66 68 77 29 89 67 24 38 53 30 49 54 56 45 13 65 63 21 43 
79 0 51 8 47 10 94 75 28 64 96 85 41 20 90 30 29 0 4 64 63 46 88 19 77 0 87 31 100 6 75 52 
91 51 0 50 76 5 91 48 84 80 39 50 93 47 85 61 90 51 11 71 17 7 90 34 80 68 36 8 64 44 2 25 
47 8 50 0 18 41 8 12 51 93 75 30 13 41 40 21 32 67 48 30 88 70 45 76 13 59 22 23 71 87 36 29 
78 47 76 18 0 50 18 30 36 93 1 27 15 31 9 29 58 16 18 68 2 15 98 16 25 97 74 83 81 61 4 8 
73 10 5 41 50 0 2 38 86 81 23 10 31 30 3 24 32 19 50 80 21 96 51 75 25 99 54 72 7 11 51 1 
56 94 91 8 18 2 0 18 34 1 33 58 59 32 28 73 13 77 89 16 60 60 90 7 83 77 19 96 24 19 79 7 
98 75 48 12 30 38 18 0 52 19 30 40 30 1 41 51 73 95 66 40 10 44 57 70 16 5 4 88 26 64 74 68 
25 28 84 51 36 86 34 52 0 76 84 75 19 2 70 22 27 54 92 58 56 96 86 88 46 72 38 23 89 3 0 93 
74 64 80 93 93 81 1 19 76 0 28 39 66 49 36 3 83 71 62 29 20 84 16 13 72 74 100 86 66 43 62 36 
32 96 39 75 1 23 33 30 84 28 0 59 8 96 27 14 80 36 92 16 81 10 48 30 15 30 40 75 5 59 46 42 
20 85 50 30 27 10 58 40 75 39 59 0 52 91 97 42 13 61 23 49 24 95 68 77 30 40 80 29 67 67 90 74 
31 41 93 13 15 31 59 30 19 66 8 52 0 47 98 27 47 2 37 24 2 66 28 72 71 74 68 16 22 6 78 24 
66 20 47 41 31 30 32 1 2 49 96 91 47 0 11 2 96 88 81 29 21 83 24 26 39 1 40 18 29 97 17 83 
68 90 85 40 9 3 28 41 70 36 27 97 98 11 0 94 64 5 6 12 0 59 3 17 80 53 76 85 42 44 18 8 
77 30 61 21 29 24 73 51 22 3 14 42 27 2 94 0 48 61 64 82 43 30 49 74 7 35 37 86 89 95 37 40 
29 29 90 32 58 32 13 73 27 83 80 13 47 96 64 48 0 40 90 80 73 96 12 93 7 84 81 30 74 62 28 29 
89 0 51 67 16 19 77 95 54 71 36 61 2 88 5 61 40 0 65 19 17 52 22 96 81 51 100 98 48 69 58 90 
67 4 11 48 18 50 89 66 92 62 92 23 37 81 6 64 90 65 0 99 43 32 89 89 86 24 7 95 12 31 39 88 
24 64 71 30 68 80 16 40 58 29 16 49 24 29 12 82 80 19 99 0 40 24 56 33 100 72 98 82 31 70 53 66 
38 63 17 88 2 21 60 10 56 20 81 24 2 21 0 43 73 17 43 40 0 75 79 35 83 33 60 75 85 57 7 7 
53 46 7 70 15 96 60 44 96 84 10 95 66 83 59 30 96 52 32 24 75 0 50 99 81 23 80 18 53 59 91 53 
30 88 90 45 98 51 90 57 86 16 48 68 28 24 3 49 12 22 89 56 79 50 0 79 100 9 37 55 15 97 77 15 
49 19 34 76 16 75 7 70 88 13 30 77 72 26 17 74 93 96 89 33 35 99 79 0 84 21 86 9 36 5 63 16 
54 77 80 13 25 25 83 16 46 72 15 30 71 39 80 7 7 81 86 100 83 81 100 84 0 0 14 37 36 9 66 81 
56 0 68 59 97 99 77 5 72 74 30 40 74 1 53 35 84 51 24 72 33 23 9 21 0 0 35 18 87 82 47 22 
45 87 36 22 74 54 19 4 38 100 40 80 68 40 76 37 81 100 7 98 60 80 37 86 14 35 0 75 63 94 80 70 
13 31 8 23 83 72 96 88 23 86 75 29 16 18 85 86 30 98 95 82 75 18 55 9 37 18 75 0 99 41 12 37 
65 100 64 71 81 7 24 26 89 66 5 67 22 29 42 89 74 48 12 31 85 53 15 36 36 87 63 99 0 12 91 34 
63 6 44 87 61 11 19 64 3 43 59 67 6 97 44 95 62 69 31 70 57 59 97 5 9 82 94 41 12 0 23 45 
21 75 2 36 4 51 79 74 0 62 46 90 78 17 18 37 28 58 39 53 7 91 77 63 66 47 80 12 91 23 0 84 
43 52 25 29 8 1 7 68 93 36 42 74 24 83 8 40 29 90 88 66 7 53 15 16 81 22 70 37 34 45 84 0 
BRRRBBBRRRBRRBRBRRBBRBBBRBBRRBRB
